geno	WT	WT	WT	PDR1-G280A/+	PDR1-G280A/+	PDR1-G280A/+	PDR1-L1056H/+	PDR1-L1056H/+	PDR1-L1056H/+	WT	WT	WT	PDR1-G280A/+	PDR1-G280A/+	PDR1-G280A/+	PDR1-L1056H/+	PDR1-L1056H/+	PDR1-L1056H/+
strain	YMD5093	YMD5093	YMD5093	YMD5094	YMD5094	YMD5094	YMD5095	YMD5095	YMD5095	YMD5093	YMD5093	YMD5093	YMD5094	YMD5094	YMD5094	YMD5095	YMD5095	YMD5095
conc	0	0	0	0	0	0	0	0	0	20	20	20	20	20	20	20	20	20
repl	1	2	3	1	2	3	1	2	3	1	2	3	1	2	3	1	2	3
0.25	0.14	0.137	0.136	0.137	0.14	0.141	0.141	0.141	0.144	0.148	0.147	0.143	0.149	0.146	0.146	0.143	0.146	0.138
0.5	0.144	0.139	0.138	0.138	0.14	0.142	0.139	0.142	0.148	0.155	0.154	0.148	0.15	0.151	0.149	0.146	0.147	0.142
0.75	0.153	0.145	0.145	0.142	0.144	0.147	0.143	0.144	0.153	0.16	0.16	0.156	0.156	0.155	0.154	0.15	0.156	0.148
1	0.159	0.15	0.15	0.148	0.151	0.152	0.149	0.15	0.16	0.165	0.166	0.161	0.16	0.163	0.156	0.155	0.158	0.152
1.25	0.167	0.157	0.156	0.155	0.156	0.159	0.154	0.155	0.168	0.168	0.169	0.165	0.167	0.161	0.16	0.158	0.161	0.155
1.5	0.173	0.161	0.163	0.163	0.161	0.166	0.16	0.162	0.177	0.17	0.172	0.166	0.168	0.167	0.166	0.161	0.162	0.155
1.75	0.18	0.167	0.168	0.167	0.166	0.171	0.165	0.166	0.184	0.17	0.174	0.168	0.168	0.167	0.163	0.162	0.164	0.156
2	0.187	0.173	0.174	0.175	0.172	0.179	0.171	0.172	0.192	0.171	0.177	0.169	0.17	0.169	0.165	0.163	0.163	0.158
2.25	0.196	0.181	0.182	0.183	0.179	0.188	0.177	0.182	0.198	0.172	0.175	0.17	0.174	0.168	0.166	0.164	0.163	0.159
2.5	0.207	0.193	0.19	0.191	0.19	0.198	0.187	0.192	0.211	0.173	0.176	0.171	0.172	0.172	0.165	0.166	0.165	0.157
2.75	0.22	0.2	0.201	0.203	0.2	0.209	0.201	0.201	0.229	0.174	0.175	0.175	0.173	0.171	0.167	0.166	0.163	0.158
3	0.235	0.215	0.213	0.219	0.211	0.224	0.212	0.211	0.246	0.177	0.177	0.171	0.176	0.169	0.167	0.166	0.165	0.159
3.25	0.255	0.231	0.231	0.232	0.227	0.245	0.225	0.235	0.261	0.175	0.177	0.174	0.174	0.17	0.167	0.168	0.165	0.159
3.5	0.276	0.25	0.25	0.252	0.25	0.262	0.247	0.248	0.292	0.176	0.177	0.173	0.175	0.173	0.167	0.168	0.165	0.157
3.75	0.3	0.272	0.269	0.274	0.271	0.284	0.266	0.272	0.31	0.174	0.179	0.174	0.174	0.175	0.166	0.169	0.167	0.16
4	0.329	0.294	0.295	0.3	0.296	0.314	0.291	0.301	0.342	0.176	0.178	0.175	0.173	0.172	0.166	0.168	0.167	0.161
4.25	0.36	0.322	0.319	0.335	0.324	0.34	0.324	0.324	0.379	0.175	0.18	0.174	0.176	0.175	0.168	0.169	0.168	0.161
4.5	0.397	0.356	0.356	0.367	0.36	0.377	0.357	0.36	0.412	0.176	0.18	0.174	0.176	0.174	0.168	0.169	0.168	0.163
4.75	0.44	0.395	0.385	0.407	0.389	0.419	0.381	0.392	0.461	0.176	0.181	0.177	0.176	0.173	0.169	0.169	0.168	0.164
5	0.485	0.432	0.425	0.453	0.433	0.458	0.432	0.427	0.502	0.178	0.181	0.174	0.179	0.176	0.171	0.17	0.168	0.162
5.25	0.532	0.473	0.465	0.492	0.477	0.506	0.467	0.48	0.549	0.178	0.181	0.174	0.18	0.176	0.171	0.171	0.168	0.162
5.5	0.581	0.52	0.509	0.535	0.527	0.555	0.517	0.528	0.597	0.179	0.181	0.176	0.18	0.176	0.173	0.17	0.17	0.164
5.75	0.632	0.565	0.566	0.586	0.576	0.615	0.557	0.582	0.649	0.18	0.183	0.176	0.184	0.177	0.174	0.169	0.171	0.162
6	0.694	0.619	0.615	0.636	0.633	0.666	0.626	0.622	0.71	0.18	0.183	0.177	0.183	0.18	0.176	0.17	0.171	0.165
6.25	0.746	0.672	0.676	0.692	0.688	0.73	0.681	0.669	0.757	0.18	0.183	0.178	0.185	0.182	0.176	0.171	0.171	0.165
6.5	0.811	0.726	0.721	0.759	0.745	0.789	0.733	0.727	0.825	0.181	0.183	0.179	0.184	0.184	0.176	0.172	0.171	0.165
6.75	0.866	0.785	0.783	0.815	0.803	0.86	0.792	0.796	0.884	0.181	0.183	0.177	0.187	0.185	0.176	0.171	0.172	0.166
7	0.928	0.843	0.853	0.879	0.861	0.92	0.839	0.865	0.929	0.181	0.184	0.177	0.189	0.185	0.179	0.172	0.171	0.165
7.25	0.991	0.9	0.918	0.934	0.93	0.976	0.92	0.907	0.99	0.183	0.183	0.177	0.19	0.187	0.18	0.172	0.173	0.166
7.5	1.049	0.967	0.99	0.992	0.989	1.035	0.986	0.962	1.035	0.182	0.185	0.179	0.19	0.187	0.18	0.173	0.173	0.165
7.75	1.113	1.025	1.04	1.062	1.045	1.092	1.045	1.018	1.122	0.181	0.186	0.179	0.192	0.191	0.18	0.174	0.172	0.166
8	1.161	1.079	1.102	1.118	1.105	1.158	1.101	1.079	1.175	0.182	0.184	0.178	0.193	0.192	0.183	0.174	0.175	0.166
8.25	1.211	1.134	1.153	1.176	1.158	1.212	1.145	1.154	1.209	0.183	0.186	0.179	0.197	0.192	0.184	0.175	0.173	0.167
8.5	1.255	1.184	1.21	1.22	1.21	1.261	1.202	1.2	1.258	0.183	0.185	0.18	0.198	0.193	0.187	0.174	0.175	0.166
8.75	1.303	1.227	1.264	1.264	1.259	1.291	1.253	1.234	1.289	0.184	0.187	0.178	0.199	0.195	0.186	0.175	0.172	0.168
9	1.342	1.272	1.288	1.315	1.29	1.347	1.298	1.275	1.347	0.182	0.187	0.18	0.202	0.194	0.189	0.176	0.175	0.17
9.25	1.381	1.311	1.327	1.352	1.337	1.368	1.339	1.308	1.388	0.184	0.187	0.179	0.202	0.199	0.191	0.176	0.176	0.168
9.5	1.407	1.35	1.374	1.378	1.386	1.389	1.369	1.351	1.391	0.185	0.185	0.182	0.204	0.199	0.193	0.176	0.177	0.167
9.75	1.432	1.381	1.391	1.408	1.407	1.425	1.389	1.396	1.42	0.184	0.187	0.18	0.207	0.203	0.193	0.177	0.177	0.171
10	1.449	1.398	1.405	1.434	1.421	1.44	1.434	1.413	1.457	0.184	0.187	0.181	0.209	0.205	0.195	0.178	0.179	0.171
10.25	1.465	1.42	1.43	1.455	1.443	1.445	1.449	1.43	1.468	0.185	0.186	0.181	0.21	0.206	0.194	0.179	0.177	0.17
10.5	1.481	1.431	1.424	1.477	1.447	1.464	1.454	1.444	1.489	0.184	0.189	0.18	0.213	0.206	0.199	0.179	0.178	0.17
10.75	1.492	1.444	1.444	1.478	1.467	1.469	1.483	1.451	1.484	0.183	0.19	0.182	0.213	0.211	0.199	0.179	0.178	0.172
11	1.495	1.458	1.451	1.492	1.462	1.472	1.488	1.465	1.511	0.185	0.19	0.181	0.217	0.211	0.202	0.18	0.178	0.17
11.25	1.503	1.456	1.463	1.49	1.474	1.49	1.483	1.496	1.496	0.186	0.189	0.181	0.221	0.215	0.203	0.182	0.178	0.172
11.5	1.507	1.46	1.465	1.496	1.476	1.488	1.506	1.478	1.512	0.185	0.19	0.182	0.221	0.217	0.205	0.182	0.18	0.174
11.75	1.515	1.472	1.468	1.491	1.485	1.476	1.501	1.489	1.498	0.187	0.189	0.182	0.224	0.219	0.209	0.181	0.182	0.174
12	1.52	1.469	1.468	1.509	1.485	1.479	1.518	1.487	1.519	0.187	0.188	0.184	0.222	0.224	0.209	0.183	0.181	0.174
12.25	1.517	1.472	1.47	1.512	1.483	1.489	1.497	1.485	1.521	0.187	0.19	0.182	0.229	0.222	0.215	0.183	0.182	0.176
12.5	1.52	1.475	1.47	1.508	1.48	1.487	1.507	1.486	1.525	0.186	0.19	0.185	0.229	0.229	0.213	0.183	0.182	0.175
12.75	1.526	1.477	1.481	1.502	1.482	1.489	1.516	1.487	1.513	0.188	0.19	0.185	0.234	0.232	0.216	0.184	0.183	0.176
13	1.528	1.479	1.47	1.505	1.48	1.497	1.505	1.498	1.528	0.187	0.191	0.186	0.236	0.234	0.22	0.186	0.183	0.175
13.25	1.531	1.477	1.474	1.509	1.484	1.482	1.527	1.488	1.522	0.188	0.192	0.186	0.242	0.235	0.224	0.186	0.186	0.178
13.5	1.53	1.483	1.477	1.505	1.484	1.49	1.512	1.487	1.52	0.188	0.191	0.186	0.245	0.243	0.225	0.186	0.187	0.177
13.75	1.535	1.487	1.471	1.51	1.484	1.501	1.513	1.497	1.522	0.188	0.193	0.186	0.247	0.243	0.233	0.187	0.185	0.177
14	1.531	1.477	1.49	1.501	1.486	1.486	1.506	1.5	1.508	0.188	0.193	0.186	0.25	0.248	0.232	0.187	0.186	0.179
14.25	1.538	1.483	1.476	1.507	1.493	1.484	1.528	1.48	1.526	0.19	0.193	0.187	0.255	0.25	0.236	0.188	0.187	0.179
14.5	1.534	1.485	1.48	1.515	1.482	1.503	1.521	1.505	1.524	0.19	0.194	0.186	0.258	0.255	0.24	0.189	0.188	0.18
14.75	1.531	1.484	1.493	1.508	1.493	1.492	1.514	1.505	1.507	0.19	0.193	0.188	0.265	0.26	0.244	0.19	0.19	0.182
15	1.532	1.486	1.496	1.503	1.499	1.487	1.519	1.505	1.506	0.192	0.195	0.188	0.267	0.262	0.247	0.189	0.189	0.182
15.25	1.537	1.483	1.489	1.508	1.495	1.494	1.513	1.5	1.512	0.191	0.195	0.188	0.27	0.268	0.25	0.191	0.192	0.183
15.5	1.535	1.48	1.493	1.511	1.486	1.499	1.511	1.523	1.507	0.192	0.196	0.189	0.275	0.273	0.252	0.193	0.193	0.184
15.75	1.536	1.495	1.486	1.51	1.487	1.508	1.512	1.509	1.52	0.192	0.196	0.189	0.28	0.274	0.261	0.194	0.195	0.184
16	1.539	1.491	1.483	1.513	1.49	1.509	1.506	1.519	1.526	0.192	0.195	0.19	0.285	0.282	0.265	0.194	0.195	0.187
16.25	1.544	1.493	1.483	1.513	1.486	1.49	1.53	1.493	1.534	0.192	0.196	0.191	0.291	0.289	0.268	0.196	0.196	0.186
16.5	1.546	1.485	1.483	1.517	1.488	1.495	1.523	1.498	1.532	0.193	0.198	0.191	0.297	0.295	0.273	0.194	0.197	0.189
16.75	1.538	1.484	1.493	1.512	1.493	1.494	1.53	1.496	1.534	0.194	0.199	0.191	0.303	0.301	0.279	0.197	0.198	0.189
17	1.543	1.49	1.497	1.51	1.5	1.49	1.523	1.508	1.511	0.196	0.197	0.192	0.311	0.302	0.286	0.197	0.199	0.188
17.25	1.542	1.489	1.496	1.507	1.489	1.491	1.523	1.514	1.504	0.195	0.198	0.192	0.313	0.311	0.287	0.198	0.201	0.191
17.5	1.539	1.481	1.501	1.513	1.485	1.499	1.522	1.516	1.51	0.196	0.198	0.194	0.32	0.315	0.295	0.2	0.2	0.192
17.75	1.546	1.488	1.493	1.514	1.495	1.492	1.532	1.502	1.531	0.196	0.2	0.193	0.328	0.321	0.298	0.2	0.201	0.192
18	1.545	1.491	1.492	1.514	1.49	1.495	1.521	1.518	1.522	0.196	0.201	0.194	0.335	0.33	0.309	0.201	0.2	0.195
18.25	1.547	1.491	1.485	1.521	1.488	1.492	1.526	1.489	1.534	0.196	0.201	0.194	0.343	0.332	0.315	0.204	0.203	0.194
18.5	1.544	1.487	1.499	1.507	1.498	1.496	1.523	1.515	1.521	0.198	0.202	0.194	0.349	0.341	0.318	0.204	0.205	0.197
18.75	1.546	1.49	1.492	1.517	1.495	1.496	1.535	1.5	1.531	0.198	0.203	0.195	0.353	0.349	0.325	0.205	0.207	0.198
19	1.547	1.491	1.492	1.506	1.495	1.499	1.533	1.505	1.532	0.198	0.202	0.196	0.361	0.355	0.332	0.206	0.207	0.197
19.25	1.547	1.487	1.506	1.509	1.492	1.497	1.52	1.522	1.512	0.198	0.203	0.197	0.367	0.363	0.342	0.21	0.208	0.2
19.5	1.555	1.499	1.482	1.522	1.494	1.504	1.515	1.507	1.529	0.199	0.205	0.196	0.378	0.375	0.344	0.21	0.212	0.199
19.75	1.551	1.494	1.498	1.516	1.496	1.489	1.537	1.497	1.529	0.199	0.205	0.197	0.39	0.378	0.36	0.209	0.211	0.203
20	1.546	1.491	1.507	1.514	1.494	1.488	1.524	1.501	1.513	0.2	0.206	0.198	0.393	0.391	0.359	0.213	0.211	0.203
20.25	1.551	1.494	1.502	1.511	1.499	1.49	1.527	1.507	1.513	0.201	0.208	0.197	0.403	0.407	0.366	0.214	0.212	0.203
20.5	1.553	1.496	1.497	1.513	1.504	1.5	1.534	1.5	1.515	0.203	0.205	0.201	0.412	0.409	0.382	0.213	0.217	0.206
20.75	1.553	1.497	1.503	1.511	1.503	1.491	1.537	1.504	1.512	0.203	0.206	0.2	0.424	0.415	0.387	0.216	0.215	0.207
21	1.553	1.492	1.508	1.513	1.5	1.491	1.541	1.504	1.516	0.203	0.207	0.199	0.438	0.427	0.394	0.218	0.216	0.207
21.25	1.554	1.492	1.506	1.51	1.494	1.493	1.524	1.511	1.522	0.204	0.208	0.202	0.443	0.436	0.404	0.218	0.22	0.208
21.5	1.557	1.499	1.495	1.525	1.489	1.512	1.528	1.514	1.534	0.204	0.208	0.203	0.45	0.451	0.414	0.22	0.219	0.21
21.75	1.556	1.495	1.503	1.518	1.502	1.496	1.539	1.501	1.516	0.205	0.21	0.203	0.468	0.46	0.425	0.222	0.221	0.211
22	1.562	1.494	1.495	1.519	1.492	1.5	1.536	1.503	1.534	0.205	0.209	0.203	0.474	0.471	0.438	0.222	0.223	0.213
22.25	1.559	1.492	1.498	1.517	1.493	1.496	1.541	1.499	1.541	0.206	0.212	0.204	0.489	0.486	0.448	0.224	0.225	0.216
22.5	1.559	1.5	1.5	1.521	1.498	1.507	1.531	1.515	1.529	0.207	0.209	0.206	0.492	0.494	0.46	0.225	0.227	0.216
22.75	1.56	1.496	1.501	1.519	1.493	1.515	1.521	1.519	1.531	0.207	0.213	0.205	0.509	0.511	0.465	0.227	0.226	0.217
23	1.556	1.488	1.505	1.519	1.493	1.497	1.542	1.506	1.53	0.208	0.214	0.203	0.523	0.519	0.484	0.228	0.227	0.219
23.25	1.558	1.492	1.51	1.512	1.491	1.5	1.528	1.52	1.516	0.208	0.211	0.208	0.531	0.533	0.494	0.229	0.229	0.217
23.5	1.564	1.498	1.504	1.518	1.502	1.491	1.55	1.507	1.53	0.208	0.214	0.208	0.548	0.549	0.506	0.231	0.23	0.221
23.75	1.562	1.498	1.5	1.524	1.5	1.511	1.525	1.516	1.529	0.208	0.215	0.208	0.557	0.563	0.514	0.234	0.231	0.222
24	1.562	1.494	1.51	1.518	1.496	1.502	1.543	1.502	1.515	0.211	0.214	0.209	0.569	0.583	0.531	0.234	0.235	0.224
24.25	1.564	1.494	1.509	1.513	1.498	1.498	1.538	1.508	1.516	0.211	0.217	0.209	0.586	0.593	0.545	0.234	0.236	0.225
24.5	1.561	1.486	1.503	1.524	1.494	1.508	1.539	1.509	1.534	0.211	0.217	0.208	0.597	0.607	0.558	0.236	0.237	0.226
24.75	1.566	1.492	1.509	1.519	1.498	1.497	1.537	1.505	1.519	0.21	0.219	0.211	0.611	0.627	0.571	0.238	0.236	0.229
25	1.563	1.497	1.503	1.526	1.486	1.512	1.519	1.508	1.534	0.212	0.218	0.21	0.633	0.639	0.595	0.239	0.238	0.228
25.25	1.567	1.497	1.499	1.527	1.498	1.499	1.542	1.508	1.525	0.212	0.22	0.21	0.648	0.655	0.606	0.24	0.243	0.229
25.5	1.568	1.496	1.512	1.516	1.49	1.508	1.529	1.526	1.53	0.213	0.219	0.211	0.664	0.674	0.619	0.241	0.244	0.233
25.75	1.566	1.497	1.513	1.508	1.496	1.498	1.53	1.518	1.52	0.212	0.221	0.212	0.675	0.691	0.625	0.243	0.246	0.234
26	1.563	1.495	1.52	1.513	1.499	1.501	1.529	1.519	1.515	0.215	0.219	0.213	0.695	0.702	0.654	0.245	0.243	0.235
26.25	1.565	1.493	1.515	1.516	1.5	1.504	1.544	1.51	1.523	0.215	0.222	0.213	0.71	0.723	0.664	0.247	0.247	0.237
26.5	1.566	1.496	1.514	1.513	1.495	1.504	1.53	1.525	1.522	0.216	0.222	0.214	0.726	0.742	0.681	0.248	0.248	0.238
26.75	1.57	1.496	1.502	1.523	1.489	1.501	1.541	1.508	1.535	0.215	0.222	0.213	0.75	0.765	0.702	0.249	0.25	0.239
27	1.569	1.496	1.51	1.518	1.498	1.505	1.548	1.508	1.532	0.216	0.223	0.215	0.762	0.788	0.714	0.252	0.252	0.241
27.25	1.574	1.498	1.5	1.525	1.493	1.498	1.546	1.508	1.54	0.217	0.223	0.214	0.78	0.803	0.733	0.255	0.253	0.241
27.5	1.568	1.492	1.515	1.512	1.499	1.502	1.526	1.522	1.521	0.218	0.222	0.216	0.796	0.819	0.76	0.254	0.255	0.243
27.75	1.572	1.503	1.509	1.517	1.507	1.502	1.53	1.5	1.532	0.218	0.224	0.216	0.819	0.837	0.776	0.256	0.255	0.245
28	1.571	1.497	1.511	1.519	1.5	1.498	1.548	1.511	1.528	0.218	0.225	0.215	0.839	0.851	0.802	0.256	0.256	0.246
28.25	1.575	1.502	1.508	1.527	1.491	1.509	1.534	1.507	1.539	0.22	0.226	0.217	0.851	0.879	0.818	0.257	0.257	0.246
28.5	1.575	1.498	1.511	1.52	1.493	1.515	1.53	1.524	1.529	0.219	0.226	0.218	0.867	0.903	0.832	0.259	0.259	0.249
28.75	1.575	1.499	1.513	1.52	1.494	1.496	1.528	1.519	1.517	0.221	0.224	0.219	0.887	0.929	0.855	0.262	0.263	0.251
29	1.575	1.507	1.502	1.531	1.49	1.502	1.537	1.51	1.546	0.222	0.225	0.218	0.914	0.929	0.89	0.26	0.262	0.252
29.25	1.573	1.504	1.513	1.515	1.497	1.507	1.532	1.533	1.529	0.221	0.227	0.22	0.927	0.965	0.902	0.263	0.264	0.254
29.5	1.576	1.5	1.518	1.516	1.495	1.526	1.509	1.55	1.516	0.222	0.227	0.221	0.944	0.988	0.922	0.264	0.269	0.253
29.75	1.574	1.498	1.513	1.521	1.495	1.519	1.529	1.525	1.53	0.223	0.229	0.22	0.968	1	0.937	0.265	0.27	0.256
30	1.576	1.498	1.509	1.526	1.497	1.508	1.544	1.501	1.541	0.222	0.229	0.222	0.985	1.03	0.961	0.265	0.272	0.258
30.25	1.577	1.504	1.509	1.527	1.493	1.515	1.535	1.519	1.536	0.222	0.231	0.22	1.009	1.041	0.991	0.269	0.273	0.259
30.5	1.576	1.503	1.521	1.517	1.501	1.501	1.545	1.51	1.52	0.224	0.23	0.222	1.017	1.074	0.997	0.272	0.272	0.262
30.75	1.575	1.5	1.523	1.518	1.492	1.495	1.532	1.519	1.519	0.225	0.231	0.222	1.038	1.093	1.015	0.275	0.277	0.262
31	1.579	1.497	1.511	1.523	1.503	1.495	1.557	1.496	1.545	0.225	0.231	0.224	1.06	1.114	1.039	0.275	0.278	0.264
31.25	1.578	1.5	1.515	1.519	1.497	1.516	1.537	1.523	1.524	0.224	0.231	0.225	1.078	1.129	1.065	0.276	0.278	0.267
31.5	1.576	1.502	1.523	1.514	1.506	1.504	1.536	1.52	1.511	0.225	0.232	0.225	1.093	1.159	1.078	0.279	0.282	0.265
31.75	1.576	1.503	1.518	1.527	1.498	1.517	1.535	1.511	1.545	0.225	0.233	0.223	1.119	1.168	1.107	0.279	0.283	0.27
32	1.582	1.503	1.508	1.521	1.498	1.506	1.546	1.512	1.537	0.225	0.233	0.226	1.132	1.19	1.123	0.28	0.287	0.271
32.25	1.579	1.499	1.52	1.522	1.5	1.505	1.546	1.512	1.528	0.227	0.234	0.224	1.155	1.204	1.146	0.28	0.287	0.27
32.5	1.579	1.498	1.518	1.524	1.499	1.51	1.539	1.523	1.537	0.227	0.234	0.224	1.172	1.21	1.169	0.283	0.288	0.273
32.75	1.581	1.502	1.513	1.524	1.503	1.512	1.542	1.52	1.532	0.227	0.236	0.224	1.18	1.228	1.183	0.287	0.292	0.272
33	1.585	1.506	1.509	1.53	1.494	1.514	1.543	1.506	1.543	0.227	0.235	0.228	1.198	1.242	1.197	0.288	0.293	0.277
33.25	1.583	1.5	1.518	1.526	1.506	1.504	1.552	1.508	1.523	0.227	0.237	0.226	1.204	1.235	1.215	0.287	0.295	0.28
33.5	1.584	1.502	1.51	1.533	1.488	1.498	1.548	1.509	1.538	0.23	0.236	0.228	1.214	1.234	1.22	0.29	0.297	0.278
33.75	1.585	1.507	1.521	1.523	1.503	1.506	1.541	1.518	1.522	0.23	0.235	0.228	1.221	1.239	1.227	0.291	0.297	0.282
34	1.585	1.507	1.513	1.531	1.496	1.509	1.538	1.517	1.536	0.229	0.237	0.228	1.219	1.252	1.225	0.294	0.298	0.287
34.25	1.583	1.501	1.514	1.527	1.497	1.505	1.556	1.506	1.542	0.231	0.237	0.23	1.218	1.259	1.235	0.294	0.302	0.285
34.5	1.58	1.5	1.526	1.523	1.498	1.522	1.536	1.536	1.531	0.23	0.238	0.227	1.23	1.251	1.243	0.295	0.304	0.292
34.75	1.583	1.51	1.517	1.526	1.5	1.519	1.535	1.519	1.541	0.23	0.239	0.228	1.228	1.257	1.248	0.297	0.304	0.288
35	1.583	1.507	1.516	1.534	1.493	1.514	1.543	1.514	1.547	0.23	0.24	0.228	1.228	1.257	1.239	0.298	0.307	0.291
35.25	1.587	1.507	1.516	1.535	1.494	1.519	1.537	1.512	1.546	0.233	0.239	0.23	1.241	1.247	1.249	0.301	0.306	0.29
35.5	1.582	1.506	1.533	1.52	1.503	1.502	1.544	1.52	1.526	0.232	0.239	0.231	1.231	1.26	1.24	0.3	0.313	0.293
35.75	1.587	1.513	1.514	1.532	1.499	1.506	1.543	1.502	1.539	0.232	0.241	0.229	1.235	1.253	1.248	0.304	0.308	0.296
36	1.588	1.507	1.516	1.527	1.494	1.513	1.546	1.511	1.549	0.232	0.239	0.232	1.237	1.259	1.253	0.304	0.315	0.297
36.25	1.588	1.503	1.52	1.529	1.495	1.508	1.547	1.511	1.54	0.233	0.241	0.23	1.237	1.262	1.247	0.308	0.315	0.299
36.5	1.587	1.514	1.515	1.535	1.496	1.516	1.542	1.518	1.548	0.233	0.24	0.233	1.231	1.257	1.248	0.307	0.317	0.301
36.75	1.588	1.508	1.527	1.526	1.505	1.51	1.554	1.514	1.528	0.233	0.241	0.231	1.242	1.255	1.252	0.311	0.318	0.302
37	1.592	1.504	1.521	1.527	1.507	1.506	1.559	1.515	1.54	0.234	0.241	0.234	1.223	1.267	1.25	0.312	0.321	0.305
37.25	1.587	1.5	1.528	1.523	1.502	1.514	1.542	1.533	1.531	0.234	0.242	0.234	1.232	1.261	1.253	0.313	0.322	0.309
37.5	1.591	1.513	1.517	1.535	1.498	1.514	1.547	1.516	1.548	0.235	0.242	0.233	1.232	1.264	1.259	0.313	0.324	0.309
37.75	1.591	1.507	1.524	1.529	1.501	1.505	1.554	1.518	1.544	0.236	0.243	0.232	1.238	1.263	1.259	0.316	0.328	0.309
38	1.589	1.507	1.534	1.516	1.506	1.512	1.541	1.533	1.531	0.235	0.242	0.235	1.238	1.259	1.26	0.319	0.325	0.31
38.25	1.596	1.512	1.525	1.527	1.507	1.506	1.56	1.512	1.532	0.236	0.243	0.234	1.233	1.259	1.261	0.319	0.33	0.313
38.5	1.591	1.512	1.536	1.526	1.508	1.508	1.567	1.515	1.539	0.236	0.245	0.234	1.239	1.263	1.263	0.318	0.332	0.319
38.75	1.595	1.52	1.517	1.535	1.5	1.515	1.544	1.514	1.552	0.236	0.243	0.234	1.242	1.257	1.258	0.321	0.337	0.317
39	1.593	1.509	1.532	1.524	1.508	1.506	1.556	1.521	1.528	0.237	0.242	0.236	1.233	1.256	1.253	0.326	0.333	0.319
39.25	1.594	1.509	1.531	1.523	1.504	1.509	1.545	1.538	1.534	0.237	0.245	0.235	1.232	1.256	1.255	0.324	0.339	0.319
39.5	1.593	1.51	1.532	1.528	1.51	1.507	1.56	1.521	1.533	0.238	0.245	0.234	1.235	1.265	1.257	0.325	0.341	0.321
39.75	1.594	1.507	1.521	1.538	1.501	1.517	1.54	1.526	1.531	0.237	0.245	0.236	1.233	1.266	1.25	0.33	0.34	0.323
40	1.593	1.51	1.533	1.523	1.505	1.508	1.55	1.534	1.526	0.237	0.245	0.235	1.229	1.261	1.259	0.329	0.345	0.327
40.25	1.593	1.51	1.53	1.532	1.502	1.518	1.545	1.529	1.537	0.238	0.244	0.237	1.224	1.265	1.248	0.333	0.345	0.328
40.5	1.592	1.51	1.533	1.532	1.507	1.508	1.552	1.525	1.531	0.238	0.244	0.238	1.229	1.263	1.252	0.336	0.35	0.331
40.75	1.6	1.512	1.531	1.524	1.504	1.513	1.55	1.532	1.531	0.239	0.246	0.237	1.235	1.259	1.258	0.337	0.349	0.329
41	1.595	1.509	1.538	1.528	1.504	1.512	1.561	1.534	1.531	0.24	0.244	0.236	1.232	1.262	1.263	0.336	0.348	0.333
41.25	1.596	1.512	1.528	1.532	1.5	1.518	1.56	1.522	1.549	0.238	0.246	0.236	1.228	1.266	1.251	0.337	0.356	0.334
41.5	1.6	1.513	1.537	1.527	1.506	1.504	1.563	1.521	1.529	0.239	0.247	0.236	1.237	1.25	1.262	0.339	0.356	0.335
41.75	1.597	1.511	1.542	1.524	1.502	1.507	1.554	1.534	1.531	0.24	0.246	0.235	1.23	1.263	1.268	0.34	0.36	0.338
42	1.594	1.514	1.538	1.524	1.497	1.512	1.546	1.53	1.532	0.24	0.248	0.235	1.234	1.25	1.259	0.345	0.359	0.341
42.25	1.598	1.508	1.53	1.531	1.509	1.515	1.567	1.513	1.53	0.239	0.246	0.238	1.223	1.264	1.254	0.346	0.361	0.341
42.5	1.598	1.511	1.539	1.525	1.509	1.501	1.549	1.532	1.528	0.24	0.246	0.237	1.223	1.265	1.253	0.346	0.363	0.343
42.75	1.596	1.51	1.53	1.53	1.504	1.509	1.563	1.517	1.542	0.24	0.249	0.237	1.227	1.26	1.255	0.348	0.363	0.345
43	1.602	1.513	1.528	1.539	1.498	1.52	1.548	1.518	1.551	0.24	0.245	0.238	1.217	1.265	1.252	0.35	0.369	0.343
43.25	1.601	1.515	1.532	1.535	1.503	1.514	1.556	1.52	1.554	0.239	0.247	0.238	1.23	1.266	1.261	0.351	0.369	0.348
43.5	1.598	1.513	1.539	1.526	1.512	1.506	1.57	1.516	1.535	0.239	0.248	0.239	1.222	1.262	1.267	0.351	0.373	0.354
43.75	1.602	1.52	1.523	1.535	1.498	1.516	1.546	1.518	1.55	0.241	0.247	0.237	1.236	1.257	1.259	0.354	0.368	0.355
44	1.599	1.509	1.535	1.53	1.511	1.516	1.557	1.537	1.538	0.24	0.248	0.24	1.224	1.271	1.251	0.359	0.374	0.355
44.25	1.6	1.519	1.535	1.534	1.501	1.527	1.545	1.532	1.552	0.242	0.249	0.237	1.229	1.262	1.255	0.356	0.38	0.359
44.5	1.603	1.517	1.541	1.525	1.512	1.513	1.565	1.519	1.539	0.241	0.25	0.236	1.229	1.256	1.257	0.362	0.382	0.36
44.75	1.602	1.514	1.531	1.54	1.503	1.515	1.565	1.517	1.552	0.24	0.248	0.239	1.227	1.26	1.255	0.362	0.382	0.363
45	1.603	1.512	1.534	1.535	1.507	1.514	1.565	1.524	1.545	0.242	0.247	0.239	1.229	1.264	1.263	0.366	0.385	0.361
45.25	1.6	1.514	1.545	1.528	1.51	1.517	1.555	1.532	1.529	0.241	0.248	0.24	1.231	1.264	1.262	0.365	0.387	0.365
45.5	1.602	1.513	1.541	1.526	1.504	1.516	1.546	1.538	1.535	0.243	0.248	0.238	1.229	1.263	1.264	0.369	0.391	0.368
45.75	1.601	1.514	1.535	1.539	1.501	1.523	1.561	1.53	1.554	0.242	0.249	0.241	1.226	1.263	1.266	0.367	0.394	0.374
46	1.605	1.518	1.542	1.529	1.514	1.51	1.576	1.522	1.538	0.242	0.248	0.24	1.22	1.267	1.258	0.369	0.395	0.372
46.25	1.603	1.514	1.534	1.536	1.504	1.52	1.561	1.523	1.551	0.241	0.25	0.238	1.228	1.258	1.262	0.374	0.393	0.376
46.5	1.607	1.519	1.534	1.534	1.5	1.522	1.556	1.523	1.551	0.241	0.251	0.239	1.222	1.268	1.254	0.374	0.401	0.377
46.75	1.604	1.517	1.539	1.53	1.5	1.523	1.56	1.537	1.531	0.243	0.249	0.24	1.219	1.265	1.255	0.376	0.401	0.378
47	1.606	1.515	1.538	1.533	1.509	1.515	1.563	1.517	1.556	0.242	0.25	0.24	1.229	1.263	1.258	0.385	0.402	0.378
47.25	1.608	1.517	1.538	1.533	1.506	1.516	1.565	1.519	1.554	0.241	0.252	0.24	1.222	1.263	1.263	0.38	0.407	0.389
47.5	1.609	1.518	1.538	1.529	1.507	1.525	1.558	1.539	1.542	0.242	0.25	0.24	1.224	1.263	1.261	0.383	0.408	0.382
47.75	1.606	1.516	1.544	1.534	1.513	1.516	1.568	1.516	1.536	0.243	0.251	0.241	1.224	1.259	1.265	0.387	0.409	0.389
48	1.607	1.52	1.536	1.528	1.511	1.522	1.56	1.52	1.553	0.242	0.249	0.242	1.221	1.263	1.244	0.389	0.409	0.389
48.25	1.605	1.52	1.542	1.535	1.507	1.518	1.562	1.527	1.554	0.243	0.25	0.241	1.218	1.263	1.261	0.391	0.414	0.395