strain	evol	od_0nM_r1	od_0nM_r2	od_0nM_r3	od_5nM_r1	od_5nM_r2	od_5nM_r3	date_r1	date_r2	date_r3	frac_r1	frac_r2	frac_r3	od_0nM_avg	od_5nM_avg	frac_grow_rapa	sterr_rapa
4690	evolved	7.52	9.67	8.39	5.16	7.32	6.86	220712	221116	221130	0.686170213	0.756980352	0.817640048	8.526666667	6.446666667	0.753596871	0.065800192
4692	evolved	5.18	5.44	5.81	5.2	3.94	5.78	220712	221130	230210	1.003861004	0.724264706	0.994836489	5.476666667	4.973333333	0.907654066	0.158883931
4687	evolved	9.54	12.45	10.2	9.23	11.6	10.41	220712	221116	221130	0.967505241	0.931726908	1.020588235	10.73	10.41333333	0.973273461	0.044710605
4688	evolved	4.46	4.83	5.35	3.92	3.61	1.19	220712	230210	230216	0.878923767	0.747412008	0.222429907	4.88	2.906666667	0.616255227	0.347343667
4691	evolved	7.09	7.04	6.83	7.19	4.35	6.94	220712	221130	230210	1.014104372	0.617897727	1.016105417	6.986666667	6.16	0.882702506	0.229329848
4689	evolved	6.52	7.22	6.72	6.49	7.28	6.69	220712	221116	221130	0.995398773	1.008310249	0.995535714	6.82	6.82	0.999748246	0.007415229
4696	evolved	7.08	9.83	8.48	7.5	8.91	7.72	220728	221116	221122	1.059322034	0.906408952	0.910377358	8.463333333	8.043333333	0.958702782	0.087161416
4698	evolved	7.45	9.63	9.57	7.26	5.13	9.62	220728	221130	230210	0.974496644	0.53271028	1.00522466	8.883333333	7.336666667	0.837477195	0.26438269
4693	evolved	4.31	7.27	6.51	5.87	6.93	4.9	220728	221116	221122	1.361948956	0.953232462	0.752688172	6.03	5.9	1.022623197	0.310501177
4694	evolved	4.11	6.81	4.21	1.69	1.07	0.55	220728	230216	230217	0.411192214	0.15712188	0.13064133	5.043333333	1.103333333	0.232985141	0.154898759
4697	evolved	6.61	7.22	6.73	5.02	7.26	4.5	220728	221116	221122	0.759455371	1.005540166	0.668647845	6.853333333	5.593333333	0.811214461	0.174308237
4695	evolved	7.21	12.33	10.62	6.92	11.94	8.63	220728	221116	221122	0.959778086	0.96836983	0.812617702	10.05333333	9.163333333	0.913588539	0.087548769
4702	evolved	5.34	10.93	9.17	2.76	2.82	2.64	220728	221116	221122	0.516853933	0.258005489	0.287895311	8.48	2.74	0.354251578	0.141608597
4704	evolved	6.37	7.14	6.51	5.18	7.4	6.56	220728	221116	221122	0.813186813	1.036414566	1.007680492	6.673333333	6.38	0.95242729	0.121438645
4699	evolved	6.26	7.37	6.88	2.74	7.63	5.83	220728	221116	221122	0.437699681	1.035278155	0.847383721	6.836666667	5.4	0.773453852	0.305571968
4700	evolved	4.63	3.87	3.01	2.43	4.65	1.45	220728	221116	221122	0.524838013	1.201550388	0.481727575	3.836666667	2.843333333	0.736038658	0.403720826
4703	evolved	6.45	7.17	6.7	6.31	7.72	6.71	220728	221116	221122	0.978294574	1.076708508	1.001492537	6.773333333	6.913333333	1.018831873	0.051447206
4701	evolved	6.9	9.13	8.16	4.98	9.47	8.26	220728	221116	221122	0.72173913	1.037239869	1.012254902	8.063333333	7.57	0.923744634	0.17538737
4709	evolved	5.85	6.2	6.53	4.95	2.63	5.89	220728	221130	230210	0.846153846	0.424193548	0.901990812	6.193333333	4.49	0.724112735	0.261233766
4711	evolved	6.07	6.12	7.48	6.13	6.48	7.68	220728	221130	230210	1.009884679	1.058823529	1.026737968	6.556666667	6.763333333	1.031815392	0.024861375
4712	evolved	5.85	6.68	6.07	5.86	6.78	6.44	220728	230210	230216	1.001709402	1.01497006	1.060955519	6.2	6.36	1.025878327	0.031092898
4706	evolved	6.69	6.75	6.84	5.33	6.19	6.9	220728	221130	230210	0.79671151	0.917037037	1.00877193	6.76	6.14	0.907506826	0.106350948
4705	evolved	8.11	8.5	9.98	1.76	1.37	5.59	220728	221130	230210	0.21701603	0.161176471	0.56012024	8.863333333	2.906666667	0.312770914	0.216022641
4707	evolved	4.19	4.93	6.08	1.02	0.71	1.12	220728	221130	230210	0.243436754	0.144016227	0.184210526	5.066666667	0.95	0.190554503	0.050012947
4710	evolved	7.06	9.25	8.48	6.87	9.17	8.59	220728	221116	221122	0.973087819	0.991351351	1.012971698	8.263333333	8.21	0.992470289	0.01996547
4708	evolved	8.24	8.26	8.04	7.07	7.85	8.07	220728	221130	230210	0.858009709	0.950363196	1.003731343	8.18	7.663333333	0.937368083	0.073724849
4680	evolved	7.01	6.17	6.18	7.2	5.6	6.24	221116	221117	221122	1.027104137	0.907617504	1.009708738	6.453333333	6.346666667	0.981476793	0.06455266
4681	evolved	11.85	10.44	9.91	10.95	8.91	8.15	230215	230216	230222	0.924050633	0.853448276	0.822401615	10.73333333	9.336666667	0.866633508	0.052091444
4682	evolved	10.13	10.27	12.13	1.42	0.92	1.09	230216	230217	230221	0.14017769	0.089581305	0.089859852	10.84333333	1.143333333	0.106539615	0.02913176
4683	evolved	9.9	10.04	12.25	1.91	1.14	1.22	230216	230217	230221	0.192929293	0.113545817	0.099591837	10.73	1.423333333	0.135355649	0.05034602
4678	evolved	4.95	3.51	6.16	2.29	0.94	2.89	221122	230208	230210	0.462626263	0.267806268	0.469155844	4.873333333	2.04	0.399862792	0.114410895
4679	evolved	4.96	4.76	2.68	3.23	2.94	1.29	221116	221122	230210	0.651209677	0.617647059	0.481343284	4.133333333	2.486666667	0.583400007	0.089962733
4666	evolved	6.77	4.51	5.37	1.98	0.72	1.63	221116	221117	221122	0.292466765	0.159645233	0.303538175	5.55	1.443333333	0.251883391	0.08007217
4667	evolved	13.31	11.98	11.76	3.09	1.75	2.13	221116	221117	221122	0.232156273	0.146076795	0.181122449	12.35	2.323333333	0.186451839	0.043286499
4668	evolved	12.13	11.6	11.22	4.36	2.12	1.67	230215	230216	230217	0.359439406	0.182758621	0.148841355	11.65	2.716666667	0.230346461	0.113076685
4669	evolved	10.69	9.67	9.63	10.51	8.46	9.14	221116	221117	221122	0.983161833	0.874870734	0.949117342	9.996666667	9.37	0.935716636	0.055375308
4670	evolved	11.72	9.86	10.64	2.38	0.88	0.58	230215	230216	230217	0.203071672	0.089249493	0.054511278	10.74	1.28	0.115610814	0.077709312
4671	evolved	11.88	10.25	10.5	2.89	1.29	1.89	221116	221117	221122	0.243265993	0.125853659	0.18	10.87666667	2.023333333	0.183039884	0.058765166
4672	evolved	11.88	10.3	11.2	3.19	1.09	0.89	230215	230216	230217	0.268518519	0.105825243	0.079464286	11.12666667	1.723333333	0.151269349	0.102392631
4673	evolved	7.27	6.91	6.97	0.84	0.74	0.36	230216	230217	230221	0.115543329	0.107091172	0.051649928	7.05	0.646666667	0.091428143	0.034707197
4674	evolved	11.41	10.21	10.99	2.88	1.29	1.14	230215	230216	230217	0.252410167	0.126346719	0.103730664	10.87	1.77	0.160829183	0.080113537
4675	evolved	5.39	5.14	4.1	2.17	0.93	1.33	221116	221117	221122	0.402597403	0.180933852	0.324390244	4.876666667	1.476666667	0.3026405	0.112420954
4676	evolved	6.11	3.13	6.21	1.84	0.36	1.6	230301	230222	230228	0.301145663	0.115015974	0.257648953	5.15	1.266666667	0.22460353	0.097365626
4677	evolved	4.48	4.73	3.09	4.18	4.81	2.09	221116	221122	230216	0.933035714	1.016913319	0.676375405	4.1	3.693333333	0.875441479	0.17742418
4684	evolved	9.79	10.5	12.7	1.14	1.05	1.07	230216	230217	230221	0.116445352	0.1	0.084251969	10.99666667	1.086666667	0.10023244	0.016097951
4685	evolved	3.3	3.08	6.7	3.3	3.36	6.75	230216	230217	230228	1	1.090909091	1.007462687	4.36	4.47	1.032790592	0.050470217
4686	evolved	6.82	6.16	6.23	0.07	0.22	0.16	230216	230217	230221	0.01026393	0.035714286	0.025682183	6.403333333	0.15	0.023886799	0.012819817
4612	ancestor	10.02	11.58	10.61	3.57	3.23	2.8	220728	221116	230210	0.356287425	0.278929188	0.263901979	10.73666667	3.2	0.299706198	0.049573488
4613	ancestor	10.83	10.06	10.84	2.24	1.22	1.08	220728	221130	230216	0.206832872	0.121272366	0.099630996	10.57666667	1.513333333	0.142578745	0.056688022
4614	ancestor	10.027	11.75	10.33	0.81	2.95	1.62	220712	221116	221117	0.080781889	0.25106383	0.156824782	10.70233333	1.793333333	0.162890167	0.085302852
4615	ancestor	11.59	13.54	13.39	2.08	4.69	4.59	220712	221116	230215	0.179465056	0.346381093	0.342793129	12.84	3.786666667	0.289546426	0.095350141
4617	ancestor	11.87	11.18	13.4	2.06	1.48	3.8	220712	221130	230208	0.173546757	0.132379249	0.28358209	12.15	2.446666667	0.196502698	0.078171646
4618	ancestor	12.76	13.4	12.3	0.99	3.12	1.58	220712	230208	230217	0.077586207	0.232835821	0.128455285	12.82	1.896666667	0.146292437	0.079146912
4821	evolved	10.77	13.78	11.3	6.14	6.67	5.79	230516	230516	230516	0.570102136	0.484034833	0.512389381	11.95	6.2	0.52217545	0.043860238
4822	evolved	9.88	12.75	10.38	8.48	8.73	10.5	230516	230516	230516	0.858299595	0.684705882	1.011560694	11.00333333	9.236666667	0.851522057	0.163532774
4823	evolved	13.83	14.49	12.15	9.47	9.39	9.41	230516	230516	230516	0.684743312	0.648033126	0.774485597	13.49	9.423333333	0.702420678	0.065053238
4824	evolved	11.79	11.25	11.98	8.03	9.16	7.11	230516	230516	230516	0.681085666	0.814222222	0.593489149	11.67333333	8.1	0.696265679	0.111146737
4825	evolved	6.03	6.89	5.75	5.05	5.31	4.65	230516	230516	230516	0.83747927	0.770682148	0.808695652	6.223333333	5.003333333	0.805619024	0.033504673
4826	evolved	16.59	15.34	15.2	8.02	7.5	9.7	230516	230516	230516	0.483423749	0.488917862	0.638157895	15.71	8.406666667	0.536833169	0.087792775