deletion	wt	usa1	sky1	ebs1	tom20	sit4	tip41	svf1	wt	usa1	sky1	ebs1	tom20	sit4	tip41	svf1	wt	usa1	sky1	ebs1	tom20	sit4	tip41	svf1	wt	usa1	sky1	ebs1	tom20	sit4	tip41	svf1	wt	usa1	sky1	ebs1	tom20	sit4	tip41	svf1	wt	usa1	sky1	ebs1	tom20	sit4	tip41	svf1	wt	usa1	sky1	ebs1	tom20	sit4	tip41	svf1	wt	usa1	sky1	ebs1	tom20	sit4	tip41	svf1	wt	usa1	sky1	ebs1	tom20	sit4	tip41	svf1
cond	0	0	0	0	0	0	0	0	20	20	20	20	20	20	20	20	40	40	40	40	40	40	40	40	0	0	0	0	0	0	0	0	20	20	20	20	20	20	20	20	40	40	40	40	40	40	40	40	0	0	0	0	0	0	0	0	20	20	20	20	20	20	20	20	40	40	40	40	40	40	40	40
rep	1	1	1	1	1	1	1	1	1	1	1	1	1	1	1	1	1	1	1	1	1	1	1	1	2	2	2	2	2	2	2	2	2	2	2	2	2	2	2	2	2	2	2	2	2	2	2	2	3	3	3	3	3	3	3	3	3	3	3	3	3	3	3	3	3	3	3	3	3	3	3	3
0.25	0.132	0.129	0.128	0.121	0.12	0.118	0.122	0.128	0.119	0.121	0.127	0.123	0.12	0.124	0.119	0.127	0.124	0.12	0.128	0.122	0.122	0.122	0.123	0.121	0.126	0.12	0.12	0.119	0.117	0.117	0.119	0.123	0.117	0.118	0.119	0.12	0.123	0.118	0.128	0.128	0.142	0.12	0.125	0.12	0.122	0.12	0.129	0.126	0.124	0.119	0.12	0.123	0.121	0.118	0.119	0.125	0.121	0.118	0.117	0.115	0.12	0.118	0.117	0.16	0.122	0.123	0.121	0.123	0.121	0.121	0.122	0.13
0.5	0.136	0.13	0.131	0.124	0.123	0.119	0.124	0.126	0.12	0.125	0.13	0.125	0.122	0.126	0.124	0.13	0.125	0.125	0.133	0.125	0.126	0.123	0.124	0.121	0.126	0.121	0.123	0.118	0.117	0.119	0.119	0.121	0.121	0.119	0.121	0.118	0.122	0.119	0.129	0.13	0.149	0.121	0.125	0.121	0.126	0.124	0.128	0.13	0.126	0.122	0.121	0.125	0.121	0.118	0.119	0.125	0.124	0.121	0.119	0.117	0.122	0.121	0.119	0.165	0.123	0.125	0.124	0.13	0.123	0.119	0.125	0.135
0.75	0.138	0.133	0.131	0.125	0.125	0.12	0.126	0.129	0.124	0.126	0.136	0.128	0.123	0.127	0.126	0.133	0.13	0.127	0.135	0.128	0.126	0.125	0.126	0.124	0.127	0.122	0.124	0.12	0.118	0.119	0.121	0.125	0.122	0.12	0.121	0.121	0.125	0.12	0.131	0.132	0.148	0.124	0.128	0.122	0.127	0.124	0.133	0.135	0.128	0.121	0.122	0.127	0.122	0.118	0.118	0.126	0.126	0.124	0.122	0.12	0.126	0.122	0.12	0.168	0.124	0.128	0.127	0.129	0.123	0.125	0.126	0.144
1	0.141	0.135	0.134	0.127	0.127	0.122	0.127	0.131	0.128	0.13	0.141	0.13	0.126	0.13	0.129	0.136	0.132	0.128	0.137	0.128	0.128	0.125	0.129	0.126	0.128	0.123	0.126	0.121	0.118	0.119	0.123	0.125	0.123	0.123	0.125	0.125	0.129	0.121	0.131	0.136	0.152	0.123	0.131	0.125	0.126	0.128	0.131	0.137	0.13	0.125	0.122	0.128	0.124	0.12	0.121	0.13	0.128	0.124	0.125	0.122	0.128	0.122	0.12	0.167	0.124	0.131	0.128	0.131	0.127	0.123	0.129	0.145
1.25	0.147	0.141	0.138	0.13	0.131	0.125	0.132	0.137	0.132	0.132	0.147	0.133	0.128	0.133	0.131	0.139	0.136	0.131	0.14	0.13	0.13	0.128	0.13	0.128	0.131	0.124	0.128	0.124	0.12	0.122	0.126	0.131	0.125	0.124	0.126	0.125	0.132	0.122	0.136	0.141	0.156	0.125	0.131	0.125	0.129	0.127	0.133	0.143	0.134	0.129	0.127	0.131	0.127	0.122	0.125	0.136	0.13	0.126	0.127	0.124	0.131	0.125	0.121	0.172	0.124	0.131	0.13	0.134	0.124	0.128	0.131	0.148
1.5	0.148	0.145	0.141	0.132	0.133	0.128	0.135	0.139	0.135	0.135	0.152	0.136	0.132	0.135	0.134	0.143	0.138	0.131	0.141	0.131	0.132	0.129	0.132	0.13	0.133	0.128	0.13	0.125	0.123	0.124	0.129	0.136	0.126	0.125	0.128	0.128	0.134	0.124	0.138	0.142	0.157	0.127	0.133	0.127	0.129	0.128	0.135	0.143	0.136	0.131	0.132	0.134	0.13	0.125	0.129	0.142	0.132	0.127	0.128	0.125	0.131	0.127	0.123	0.18	0.124	0.134	0.132	0.132	0.124	0.131	0.132	0.152
1.75	0.154	0.148	0.146	0.135	0.138	0.13	0.138	0.144	0.139	0.136	0.153	0.137	0.134	0.137	0.137	0.143	0.139	0.134	0.142	0.131	0.132	0.13	0.134	0.132	0.135	0.132	0.135	0.129	0.125	0.128	0.132	0.139	0.128	0.127	0.13	0.129	0.136	0.125	0.139	0.144	0.157	0.128	0.135	0.128	0.13	0.13	0.135	0.146	0.141	0.135	0.138	0.138	0.135	0.129	0.134	0.144	0.133	0.127	0.129	0.126	0.132	0.129	0.124	0.18	0.127	0.134	0.132	0.134	0.128	0.13	0.135	0.154
2	0.155	0.152	0.149	0.138	0.142	0.134	0.142	0.149	0.141	0.138	0.157	0.139	0.136	0.14	0.138	0.147	0.14	0.134	0.145	0.13	0.132	0.131	0.133	0.137	0.138	0.132	0.137	0.131	0.127	0.129	0.136	0.146	0.129	0.128	0.132	0.128	0.137	0.125	0.142	0.145	0.158	0.128	0.135	0.127	0.131	0.128	0.137	0.144	0.145	0.14	0.144	0.142	0.138	0.133	0.14	0.154	0.132	0.126	0.129	0.125	0.133	0.129	0.125	0.183	0.125	0.134	0.132	0.138	0.127	0.128	0.135	0.158
2.25	0.159	0.156	0.156	0.141	0.145	0.137	0.147	0.155	0.142	0.139	0.154	0.14	0.138	0.141	0.14	0.146	0.139	0.133	0.143	0.13	0.133	0.13	0.135	0.137	0.143	0.135	0.141	0.134	0.131	0.132	0.14	0.151	0.129	0.128	0.133	0.128	0.138	0.127	0.141	0.148	0.16	0.128	0.134	0.126	0.132	0.129	0.136	0.147	0.151	0.144	0.149	0.147	0.143	0.137	0.145	0.158	0.133	0.126	0.13	0.125	0.131	0.129	0.126	0.18	0.128	0.134	0.132	0.134	0.128	0.13	0.134	0.158
2.5	0.163	0.162	0.158	0.145	0.152	0.142	0.153	0.159	0.142	0.14	0.156	0.139	0.14	0.141	0.141	0.147	0.14	0.135	0.143	0.131	0.133	0.132	0.135	0.136	0.146	0.14	0.148	0.138	0.136	0.135	0.145	0.156	0.129	0.127	0.134	0.131	0.136	0.126	0.139	0.149	0.161	0.129	0.134	0.128	0.131	0.13	0.138	0.151	0.157	0.15	0.156	0.153	0.148	0.141	0.15	0.161	0.133	0.126	0.132	0.125	0.132	0.128	0.126	0.178	0.128	0.133	0.132	0.133	0.127	0.131	0.133	0.162
2.75	0.171	0.169	0.163	0.15	0.157	0.148	0.16	0.169	0.141	0.14	0.154	0.141	0.139	0.142	0.138	0.148	0.14	0.134	0.143	0.131	0.135	0.131	0.137	0.141	0.15	0.144	0.151	0.144	0.139	0.141	0.15	0.168	0.129	0.127	0.135	0.129	0.137	0.127	0.14	0.15	0.159	0.129	0.136	0.127	0.131	0.13	0.136	0.15	0.163	0.156	0.164	0.159	0.154	0.146	0.158	0.175	0.132	0.126	0.132	0.126	0.131	0.129	0.126	0.181	0.127	0.133	0.131	0.139	0.127	0.128	0.135	0.162
3	0.176	0.177	0.169	0.155	0.163	0.153	0.167	0.178	0.143	0.139	0.156	0.141	0.141	0.142	0.139	0.148	0.139	0.137	0.143	0.131	0.133	0.13	0.138	0.14	0.157	0.149	0.157	0.149	0.147	0.148	0.157	0.176	0.13	0.127	0.135	0.129	0.136	0.127	0.14	0.153	0.161	0.128	0.135	0.126	0.131	0.13	0.136	0.152	0.171	0.163	0.171	0.167	0.162	0.154	0.167	0.181	0.133	0.127	0.132	0.125	0.132	0.129	0.127	0.183	0.126	0.133	0.132	0.133	0.126	0.131	0.133	0.159
3.25	0.185	0.184	0.175	0.162	0.172	0.159	0.173	0.188	0.143	0.14	0.157	0.141	0.142	0.142	0.141	0.151	0.14	0.136	0.142	0.131	0.136	0.131	0.136	0.141	0.163	0.156	0.166	0.155	0.151	0.153	0.165	0.183	0.13	0.129	0.137	0.13	0.136	0.128	0.141	0.151	0.16	0.129	0.136	0.127	0.131	0.129	0.137	0.151	0.18	0.171	0.179	0.176	0.17	0.161	0.177	0.192	0.133	0.128	0.134	0.125	0.132	0.13	0.127	0.189	0.127	0.132	0.131	0.134	0.126	0.127	0.134	0.16
3.5	0.201	0.195	0.186	0.169	0.181	0.168	0.185	0.201	0.143	0.141	0.157	0.141	0.142	0.142	0.14	0.149	0.14	0.137	0.142	0.131	0.133	0.13	0.137	0.14	0.171	0.165	0.172	0.161	0.157	0.16	0.173	0.195	0.13	0.129	0.139	0.13	0.138	0.128	0.141	0.152	0.161	0.129	0.136	0.126	0.132	0.129	0.138	0.156	0.19	0.179	0.189	0.188	0.179	0.169	0.187	0.196	0.133	0.129	0.135	0.126	0.133	0.13	0.128	0.191	0.127	0.133	0.131	0.133	0.126	0.13	0.132	0.161
3.75	0.208	0.208	0.196	0.178	0.192	0.178	0.194	0.209	0.143	0.142	0.156	0.142	0.141	0.142	0.142	0.15	0.139	0.136	0.143	0.131	0.134	0.13	0.139	0.143	0.179	0.173	0.181	0.169	0.165	0.166	0.183	0.206	0.131	0.13	0.139	0.132	0.138	0.128	0.142	0.153	0.162	0.129	0.136	0.128	0.131	0.13	0.135	0.153	0.202	0.19	0.201	0.198	0.191	0.179	0.2	0.212	0.132	0.128	0.136	0.127	0.133	0.131	0.128	0.187	0.128	0.132	0.131	0.132	0.127	0.13	0.132	0.164
4	0.221	0.22	0.204	0.187	0.204	0.186	0.207	0.222	0.144	0.143	0.161	0.142	0.141	0.143	0.143	0.151	0.141	0.137	0.144	0.132	0.133	0.131	0.136	0.142	0.188	0.18	0.186	0.176	0.174	0.173	0.197	0.219	0.131	0.13	0.141	0.133	0.137	0.129	0.143	0.153	0.162	0.129	0.137	0.127	0.131	0.131	0.135	0.153	0.215	0.204	0.211	0.21	0.201	0.19	0.214	0.224	0.133	0.13	0.137	0.128	0.133	0.131	0.129	0.193	0.128	0.133	0.131	0.134	0.127	0.128	0.132	0.16
4.25	0.239	0.236	0.219	0.197	0.216	0.199	0.22	0.24	0.145	0.143	0.16	0.144	0.142	0.144	0.145	0.156	0.14	0.135	0.145	0.132	0.133	0.13	0.137	0.143	0.193	0.187	0.197	0.189	0.184	0.185	0.209	0.242	0.131	0.131	0.142	0.132	0.14	0.129	0.146	0.157	0.163	0.128	0.137	0.127	0.131	0.129	0.138	0.157	0.23	0.217	0.225	0.226	0.215	0.203	0.23	0.253	0.134	0.13	0.138	0.129	0.135	0.132	0.131	0.193	0.127	0.134	0.133	0.133	0.127	0.129	0.133	0.159
4.5	0.256	0.252	0.234	0.211	0.232	0.211	0.236	0.258	0.144	0.143	0.162	0.144	0.142	0.145	0.145	0.154	0.14	0.136	0.144	0.132	0.135	0.13	0.138	0.144	0.21	0.2	0.207	0.199	0.193	0.198	0.22	0.256	0.132	0.131	0.143	0.134	0.14	0.129	0.145	0.157	0.163	0.129	0.138	0.128	0.131	0.13	0.136	0.155	0.248	0.23	0.241	0.243	0.231	0.218	0.246	0.262	0.135	0.131	0.139	0.128	0.136	0.133	0.131	0.195	0.128	0.132	0.131	0.134	0.126	0.128	0.134	0.164
4.75	0.275	0.275	0.25	0.225	0.251	0.23	0.257	0.275	0.146	0.146	0.163	0.145	0.144	0.145	0.149	0.156	0.14	0.136	0.149	0.133	0.134	0.131	0.138	0.142	0.221	0.218	0.222	0.214	0.21	0.216	0.238	0.275	0.132	0.131	0.146	0.133	0.141	0.129	0.149	0.156	0.161	0.128	0.139	0.128	0.131	0.131	0.136	0.155	0.265	0.246	0.257	0.265	0.249	0.234	0.264	0.286	0.135	0.133	0.142	0.129	0.136	0.133	0.132	0.206	0.127	0.132	0.132	0.133	0.127	0.129	0.132	0.165
5	0.293	0.294	0.263	0.239	0.27	0.248	0.275	0.3	0.147	0.147	0.166	0.147	0.144	0.147	0.147	0.161	0.141	0.136	0.145	0.132	0.134	0.13	0.137	0.142	0.241	0.23	0.238	0.227	0.223	0.231	0.261	0.304	0.133	0.132	0.147	0.134	0.142	0.13	0.149	0.161	0.163	0.131	0.135	0.127	0.133	0.13	0.139	0.159	0.287	0.271	0.277	0.286	0.267	0.256	0.289	0.315	0.135	0.133	0.144	0.13	0.137	0.134	0.133	0.199	0.127	0.133	0.131	0.136	0.128	0.128	0.133	0.162
5.25	0.324	0.319	0.289	0.258	0.292	0.27	0.298	0.332	0.147	0.147	0.167	0.147	0.145	0.147	0.149	0.159	0.14	0.136	0.147	0.132	0.136	0.131	0.137	0.142	0.258	0.247	0.251	0.243	0.238	0.248	0.28	0.325	0.133	0.133	0.15	0.137	0.141	0.131	0.151	0.161	0.162	0.129	0.14	0.128	0.132	0.132	0.136	0.16	0.31	0.291	0.298	0.31	0.291	0.278	0.313	0.336	0.136	0.135	0.146	0.131	0.139	0.135	0.135	0.206	0.127	0.131	0.131	0.134	0.128	0.13	0.132	0.164
5.5	0.358	0.345	0.314	0.284	0.317	0.295	0.325	0.356	0.147	0.149	0.17	0.148	0.147	0.149	0.152	0.163	0.141	0.137	0.149	0.134	0.135	0.132	0.138	0.146	0.277	0.264	0.266	0.261	0.258	0.269	0.301	0.352	0.133	0.133	0.15	0.137	0.144	0.131	0.153	0.164	0.16	0.129	0.138	0.129	0.132	0.129	0.139	0.157	0.336	0.316	0.322	0.341	0.316	0.303	0.341	0.37	0.137	0.137	0.149	0.132	0.14	0.137	0.136	0.204	0.127	0.134	0.132	0.135	0.127	0.13	0.133	0.166
5.75	0.379	0.374	0.336	0.304	0.342	0.322	0.355	0.386	0.148	0.15	0.172	0.15	0.148	0.15	0.155	0.164	0.141	0.137	0.148	0.133	0.135	0.131	0.139	0.142	0.302	0.294	0.295	0.285	0.281	0.294	0.327	0.381	0.134	0.134	0.153	0.138	0.144	0.132	0.156	0.165	0.163	0.131	0.137	0.128	0.133	0.13	0.138	0.162	0.367	0.347	0.349	0.373	0.346	0.332	0.377	0.399	0.138	0.137	0.15	0.134	0.14	0.139	0.138	0.216	0.128	0.134	0.133	0.134	0.129	0.128	0.134	0.163
6	0.406	0.413	0.359	0.329	0.379	0.355	0.387	0.427	0.15	0.152	0.176	0.152	0.149	0.151	0.156	0.164	0.141	0.137	0.148	0.133	0.137	0.132	0.14	0.145	0.323	0.311	0.311	0.307	0.304	0.32	0.362	0.422	0.135	0.135	0.155	0.139	0.146	0.132	0.158	0.165	0.163	0.131	0.136	0.126	0.133	0.13	0.138	0.16	0.399	0.379	0.379	0.403	0.376	0.367	0.412	0.437	0.139	0.139	0.154	0.135	0.141	0.139	0.14	0.218	0.126	0.135	0.133	0.135	0.128	0.131	0.134	0.165
6.25	0.453	0.45	0.394	0.36	0.406	0.384	0.42	0.459	0.15	0.153	0.176	0.153	0.152	0.153	0.159	0.168	0.141	0.137	0.148	0.133	0.136	0.131	0.141	0.147	0.347	0.345	0.338	0.335	0.333	0.354	0.398	0.449	0.136	0.136	0.156	0.139	0.149	0.132	0.16	0.17	0.162	0.13	0.139	0.128	0.133	0.13	0.141	0.159	0.434	0.41	0.407	0.44	0.408	0.398	0.446	0.471	0.139	0.139	0.155	0.135	0.143	0.141	0.142	0.222	0.127	0.134	0.132	0.138	0.127	0.13	0.135	0.164
6.5	0.489	0.49	0.432	0.391	0.443	0.425	0.46	0.501	0.151	0.155	0.176	0.155	0.151	0.154	0.163	0.174	0.141	0.137	0.151	0.133	0.137	0.133	0.139	0.147	0.381	0.38	0.374	0.362	0.361	0.386	0.428	0.499	0.136	0.138	0.159	0.142	0.15	0.133	0.163	0.172	0.162	0.129	0.139	0.129	0.133	0.131	0.138	0.16	0.475	0.451	0.439	0.485	0.448	0.438	0.492	0.526	0.141	0.143	0.157	0.137	0.144	0.142	0.144	0.22	0.127	0.135	0.133	0.136	0.129	0.13	0.133	0.165
6.75	0.549	0.543	0.47	0.43	0.485	0.467	0.501	0.543	0.153	0.158	0.182	0.157	0.153	0.156	0.165	0.175	0.142	0.137	0.153	0.133	0.136	0.134	0.139	0.147	0.409	0.403	0.391	0.395	0.392	0.421	0.47	0.538	0.137	0.138	0.162	0.144	0.152	0.134	0.165	0.174	0.162	0.13	0.14	0.129	0.133	0.132	0.138	0.163	0.516	0.489	0.479	0.524	0.487	0.481	0.533	0.567	0.142	0.144	0.16	0.138	0.146	0.144	0.146	0.224	0.127	0.134	0.133	0.137	0.127	0.131	0.135	0.166
7	0.584	0.588	0.501	0.461	0.529	0.502	0.543	0.596	0.154	0.159	0.181	0.158	0.154	0.157	0.168	0.176	0.142	0.138	0.151	0.135	0.136	0.133	0.14	0.147	0.442	0.447	0.427	0.429	0.428	0.459	0.506	0.584	0.138	0.139	0.164	0.145	0.152	0.135	0.167	0.175	0.163	0.131	0.139	0.128	0.134	0.13	0.14	0.159	0.56	0.532	0.519	0.57	0.531	0.528	0.581	0.611	0.142	0.146	0.163	0.14	0.148	0.146	0.148	0.24	0.125	0.135	0.133	0.139	0.129	0.13	0.136	0.166
7.25	0.661	0.651	0.559	0.499	0.577	0.559	0.594	0.644	0.156	0.161	0.187	0.161	0.155	0.161	0.17	0.18	0.142	0.139	0.149	0.134	0.137	0.133	0.14	0.145	0.478	0.477	0.46	0.466	0.469	0.503	0.55	0.627	0.138	0.141	0.166	0.147	0.154	0.136	0.171	0.181	0.163	0.13	0.141	0.129	0.133	0.131	0.14	0.162	0.608	0.585	0.562	0.618	0.58	0.579	0.631	0.658	0.143	0.147	0.166	0.142	0.15	0.148	0.15	0.233	0.127	0.135	0.134	0.136	0.129	0.131	0.135	0.166
7.5	0.708	0.701	0.591	0.543	0.619	0.601	0.637	0.688	0.158	0.163	0.189	0.161	0.158	0.161	0.174	0.182	0.143	0.138	0.152	0.135	0.138	0.132	0.141	0.147	0.517	0.516	0.498	0.512	0.507	0.549	0.597	0.667	0.139	0.141	0.169	0.148	0.156	0.136	0.172	0.182	0.162	0.129	0.142	0.129	0.133	0.131	0.14	0.163	0.659	0.629	0.607	0.669	0.623	0.622	0.681	0.703	0.145	0.15	0.168	0.143	0.152	0.15	0.154	0.243	0.129	0.135	0.133	0.14	0.13	0.13	0.137	0.167
7.75	0.736	0.746	0.628	0.595	0.668	0.651	0.685	0.748	0.158	0.166	0.196	0.164	0.16	0.163	0.178	0.186	0.142	0.139	0.155	0.136	0.137	0.134	0.141	0.147	0.562	0.578	0.548	0.56	0.551	0.594	0.644	0.729	0.14	0.143	0.172	0.149	0.157	0.137	0.177	0.187	0.162	0.13	0.143	0.13	0.134	0.131	0.14	0.159	0.709	0.689	0.656	0.724	0.67	0.672	0.737	0.76	0.145	0.151	0.171	0.145	0.153	0.152	0.157	0.253	0.129	0.136	0.135	0.136	0.129	0.131	0.134	0.167
8	0.793	0.804	0.68	0.638	0.724	0.684	0.735	0.806	0.16	0.169	0.202	0.166	0.161	0.166	0.18	0.191	0.142	0.139	0.156	0.136	0.139	0.134	0.144	0.148	0.603	0.617	0.592	0.597	0.596	0.636	0.687	0.785	0.141	0.144	0.175	0.149	0.159	0.139	0.181	0.186	0.164	0.13	0.144	0.131	0.134	0.132	0.14	0.161	0.761	0.739	0.701	0.772	0.725	0.73	0.793	0.825	0.146	0.152	0.174	0.146	0.155	0.155	0.16	0.248	0.128	0.136	0.135	0.139	0.131	0.13	0.137	0.167
8.25	0.834	0.867	0.731	0.69	0.782	0.747	0.789	0.868	0.162	0.17	0.199	0.167	0.163	0.168	0.186	0.194	0.143	0.139	0.155	0.135	0.138	0.135	0.142	0.148	0.645	0.662	0.621	0.646	0.638	0.688	0.74	0.847	0.141	0.146	0.177	0.152	0.161	0.139	0.183	0.191	0.162	0.131	0.143	0.129	0.134	0.131	0.144	0.166	0.816	0.795	0.755	0.824	0.786	0.784	0.852	0.872	0.147	0.155	0.177	0.149	0.157	0.157	0.162	0.258	0.127	0.136	0.136	0.139	0.132	0.13	0.138	0.169
8.5	0.931	0.935	0.786	0.747	0.832	0.805	0.832	0.922	0.163	0.171	0.2	0.17	0.164	0.171	0.189	0.199	0.143	0.139	0.156	0.136	0.138	0.136	0.142	0.148	0.694	0.736	0.693	0.704	0.689	0.747	0.788	0.896	0.142	0.146	0.179	0.155	0.161	0.14	0.187	0.194	0.163	0.131	0.143	0.13	0.134	0.131	0.143	0.159	0.871	0.846	0.803	0.883	0.834	0.836	0.904	0.941	0.149	0.156	0.179	0.149	0.158	0.159	0.165	0.262	0.129	0.136	0.136	0.138	0.13	0.131	0.138	0.169
8.75	0.969	0.985	0.831	0.788	0.887	0.841	0.888	0.976	0.165	0.175	0.205	0.172	0.168	0.171	0.195	0.199	0.143	0.14	0.161	0.137	0.139	0.135	0.144	0.148	0.739	0.789	0.729	0.745	0.735	0.788	0.84	0.946	0.144	0.148	0.183	0.156	0.163	0.142	0.186	0.201	0.164	0.131	0.144	0.129	0.135	0.131	0.142	0.166	0.928	0.902	0.856	0.938	0.883	0.893	0.968	0.982	0.15	0.16	0.182	0.152	0.161	0.161	0.169	0.269	0.127	0.138	0.138	0.139	0.13	0.131	0.139	0.168
9	1	1.038	0.874	0.845	0.943	0.894	0.929	1.028	0.167	0.177	0.208	0.173	0.171	0.173	0.199	0.207	0.144	0.14	0.158	0.137	0.14	0.135	0.146	0.151	0.78	0.819	0.774	0.804	0.779	0.829	0.885	1.002	0.145	0.149	0.186	0.157	0.164	0.143	0.194	0.203	0.164	0.132	0.143	0.131	0.136	0.131	0.143	0.165	0.984	0.957	0.907	0.996	0.95	0.95	1.011	1.037	0.152	0.162	0.187	0.154	0.161	0.163	0.173	0.268	0.129	0.138	0.138	0.142	0.132	0.13	0.141	0.171
9.25	1.085	1.113	0.927	0.894	0.996	0.947	0.985	1.088	0.167	0.178	0.21	0.175	0.172	0.176	0.204	0.209	0.143	0.14	0.161	0.137	0.141	0.135	0.146	0.149	0.834	0.883	0.83	0.857	0.835	0.898	0.938	1.061	0.146	0.15	0.189	0.16	0.167	0.144	0.194	0.202	0.164	0.131	0.147	0.131	0.134	0.131	0.145	0.171	1.038	1.011	0.965	1.047	0.995	1.004	1.073	1.092	0.153	0.164	0.188	0.156	0.165	0.166	0.175	0.28	0.127	0.138	0.139	0.14	0.132	0.132	0.14	0.17
9.5	1.123	1.156	0.968	0.959	1.048	0.997	1.029	1.145	0.17	0.181	0.219	0.177	0.174	0.178	0.209	0.214	0.144	0.14	0.162	0.138	0.14	0.137	0.145	0.148	0.876	0.961	0.88	0.903	0.881	0.948	0.992	1.112	0.146	0.152	0.192	0.161	0.168	0.145	0.201	0.208	0.164	0.131	0.15	0.132	0.135	0.132	0.143	0.167	1.093	1.068	1.016	1.104	1.051	1.066	1.125	1.143	0.154	0.164	0.192	0.158	0.166	0.17	0.179	0.286	0.129	0.14	0.14	0.138	0.133	0.132	0.141	0.169
9.75	1.171	1.214	1.025	1.007	1.101	1.049	1.076	1.204	0.171	0.183	0.222	0.181	0.175	0.182	0.217	0.218	0.144	0.141	0.161	0.138	0.141	0.136	0.148	0.151	0.933	1.005	0.933	0.961	0.93	0.99	1.028	1.152	0.148	0.153	0.195	0.163	0.17	0.146	0.205	0.211	0.165	0.132	0.147	0.132	0.134	0.133	0.143	0.169	1.145	1.126	1.067	1.153	1.1	1.113	1.179	1.181	0.157	0.171	0.196	0.16	0.168	0.171	0.183	0.299	0.129	0.14	0.141	0.142	0.133	0.132	0.141	0.171
10	1.239	1.281	1.084	1.053	1.152	1.104	1.128	1.262	0.175	0.188	0.225	0.183	0.179	0.184	0.22	0.22	0.144	0.141	0.167	0.139	0.141	0.138	0.146	0.152	0.973	1.071	0.963	1.017	0.996	1.055	1.086	1.21	0.148	0.154	0.198	0.166	0.171	0.148	0.205	0.219	0.165	0.132	0.147	0.132	0.135	0.132	0.143	0.167	1.197	1.179	1.118	1.201	1.154	1.174	1.228	1.23	0.157	0.171	0.199	0.161	0.17	0.174	0.186	0.3	0.129	0.139	0.14	0.145	0.134	0.132	0.144	0.172
10.25	1.283	1.332	1.132	1.103	1.197	1.144	1.176	1.321	0.175	0.188	0.227	0.186	0.179	0.189	0.222	0.224	0.144	0.142	0.163	0.138	0.141	0.135	0.15	0.152	1.022	1.116	1.019	1.076	1.036	1.09	1.132	1.264	0.149	0.156	0.202	0.168	0.172	0.149	0.212	0.218	0.166	0.133	0.149	0.133	0.135	0.132	0.145	0.169	1.249	1.23	1.166	1.256	1.21	1.227	1.283	1.273	0.158	0.173	0.203	0.166	0.173	0.176	0.19	0.303	0.127	0.14	0.142	0.142	0.135	0.132	0.145	0.17
10.5	1.338	1.379	1.177	1.154	1.256	1.206	1.229	1.365	0.178	0.192	0.232	0.186	0.183	0.19	0.234	0.231	0.145	0.141	0.166	0.139	0.142	0.136	0.151	0.152	1.071	1.178	1.08	1.138	1.094	1.146	1.176	1.3	0.151	0.158	0.205	0.17	0.175	0.15	0.215	0.223	0.165	0.133	0.152	0.133	0.136	0.132	0.145	0.17	1.299	1.276	1.218	1.305	1.252	1.277	1.329	1.353	0.16	0.174	0.207	0.167	0.174	0.179	0.195	0.315	0.13	0.14	0.142	0.143	0.135	0.132	0.146	0.172
10.75	1.36	1.432	1.227	1.208	1.3	1.251	1.261	1.404	0.18	0.196	0.239	0.191	0.185	0.193	0.241	0.233	0.145	0.143	0.166	0.141	0.142	0.138	0.149	0.151	1.115	1.23	1.126	1.187	1.141	1.207	1.23	1.345	0.152	0.159	0.21	0.173	0.177	0.152	0.221	0.233	0.166	0.133	0.151	0.133	0.137	0.131	0.147	0.17	1.352	1.336	1.258	1.351	1.301	1.323	1.374	1.421	0.162	0.177	0.21	0.17	0.177	0.182	0.199	0.325	0.129	0.141	0.143	0.147	0.136	0.132	0.146	0.173
11	1.429	1.478	1.263	1.242	1.342	1.292	1.304	1.452	0.181	0.198	0.241	0.194	0.189	0.195	0.247	0.238	0.146	0.143	0.165	0.14	0.143	0.136	0.153	0.154	1.16	1.321	1.184	1.244	1.199	1.25	1.269	1.393	0.153	0.16	0.212	0.175	0.179	0.153	0.225	0.226	0.166	0.134	0.15	0.133	0.138	0.132	0.147	0.169	1.39	1.369	1.302	1.399	1.348	1.365	1.425	1.468	0.163	0.18	0.213	0.171	0.179	0.183	0.206	0.333	0.128	0.142	0.145	0.143	0.135	0.134	0.147	0.176
11.25	1.475	1.516	1.313	1.287	1.394	1.331	1.356	1.477	0.184	0.203	0.252	0.197	0.19	0.201	0.251	0.244	0.147	0.144	0.165	0.141	0.144	0.138	0.153	0.155	1.207	1.35	1.214	1.288	1.234	1.282	1.31	1.43	0.154	0.163	0.216	0.176	0.181	0.154	0.236	0.237	0.167	0.133	0.154	0.134	0.137	0.132	0.147	0.17	1.436	1.418	1.348	1.443	1.392	1.404	1.46	1.513	0.165	0.185	0.218	0.175	0.183	0.186	0.211	0.342	0.128	0.143	0.146	0.146	0.135	0.134	0.146	0.176
11.5	1.508	1.535	1.359	1.338	1.434	1.37	1.387	1.498	0.186	0.204	0.249	0.2	0.19	0.203	0.255	0.25	0.147	0.144	0.17	0.142	0.143	0.137	0.152	0.155	1.248	1.409	1.262	1.343	1.293	1.313	1.349	1.461	0.156	0.164	0.219	0.178	0.182	0.156	0.239	0.237	0.167	0.134	0.153	0.133	0.137	0.132	0.146	0.171	1.474	1.467	1.388	1.482	1.436	1.439	1.499	1.515	0.167	0.188	0.222	0.177	0.185	0.189	0.215	0.34	0.127	0.143	0.147	0.146	0.135	0.133	0.148	0.174
11.75	1.543	1.556	1.389	1.367	1.469	1.385	1.43	1.522	0.187	0.206	0.253	0.202	0.195	0.206	0.269	0.254	0.147	0.143	0.172	0.143	0.143	0.138	0.153	0.152	1.287	1.444	1.311	1.388	1.328	1.336	1.385	1.481	0.157	0.166	0.223	0.182	0.187	0.157	0.245	0.243	0.167	0.135	0.157	0.134	0.137	0.133	0.147	0.174	1.514	1.506	1.43	1.513	1.478	1.467	1.518	1.505	0.167	0.189	0.224	0.18	0.188	0.193	0.218	0.352	0.13	0.145	0.146	0.146	0.138	0.133	0.15	0.174
12	1.553	1.571	1.439	1.407	1.502	1.405	1.45	1.531	0.189	0.211	0.261	0.207	0.195	0.21	0.271	0.26	0.147	0.145	0.171	0.141	0.145	0.138	0.156	0.157	1.315	1.481	1.345	1.42	1.366	1.37	1.411	1.494	0.158	0.167	0.228	0.185	0.188	0.159	0.249	0.246	0.168	0.135	0.155	0.134	0.138	0.132	0.151	0.174	1.54	1.534	1.468	1.532	1.497	1.478	1.543	1.513	0.169	0.192	0.228	0.185	0.19	0.196	0.226	0.359	0.13	0.146	0.148	0.147	0.137	0.134	0.149	0.177
12.25	1.572	1.576	1.452	1.417	1.514	1.415	1.472	1.536	0.192	0.217	0.273	0.211	0.198	0.214	0.279	0.266	0.148	0.145	0.172	0.141	0.144	0.138	0.155	0.158	1.34	1.5	1.392	1.437	1.388	1.373	1.427	1.5	0.159	0.169	0.231	0.187	0.191	0.161	0.263	0.256	0.169	0.136	0.157	0.134	0.139	0.132	0.153	0.173	1.567	1.562	1.506	1.551	1.529	1.501	1.562	1.512	0.172	0.193	0.231	0.185	0.193	0.199	0.23	0.354	0.131	0.144	0.148	0.148	0.136	0.135	0.151	0.178
12.5	1.59	1.587	1.484	1.439	1.528	1.412	1.485	1.542	0.195	0.219	0.272	0.211	0.2	0.217	0.293	0.271	0.148	0.145	0.175	0.143	0.144	0.139	0.158	0.156	1.347	1.515	1.44	1.466	1.413	1.372	1.436	1.512	0.16	0.171	0.236	0.189	0.193	0.162	0.264	0.259	0.168	0.137	0.158	0.136	0.14	0.132	0.15	0.176	1.58	1.578	1.541	1.563	1.542	1.511	1.575	1.519	0.173	0.197	0.236	0.188	0.197	0.201	0.236	0.378	0.129	0.146	0.15	0.148	0.136	0.136	0.153	0.177
12.75	1.59	1.585	1.493	1.446	1.535	1.418	1.497	1.546	0.197	0.222	0.277	0.214	0.203	0.219	0.299	0.279	0.148	0.146	0.179	0.143	0.144	0.139	0.157	0.159	1.359	1.534	1.471	1.488	1.432	1.379	1.44	1.533	0.162	0.173	0.239	0.191	0.196	0.163	0.27	0.263	0.168	0.137	0.159	0.136	0.139	0.133	0.15	0.174	1.59	1.589	1.57	1.571	1.552	1.511	1.579	1.524	0.176	0.202	0.242	0.192	0.2	0.204	0.243	0.378	0.13	0.146	0.151	0.148	0.137	0.136	0.154	0.177
13	1.582	1.584	1.512	1.461	1.55	1.43	1.51	1.558	0.199	0.226	0.282	0.218	0.207	0.224	0.31	0.281	0.15	0.148	0.175	0.143	0.147	0.139	0.16	0.158	1.368	1.546	1.506	1.495	1.444	1.401	1.45	1.528	0.162	0.175	0.246	0.194	0.197	0.165	0.279	0.267	0.17	0.137	0.16	0.137	0.139	0.134	0.151	0.177	1.601	1.599	1.603	1.572	1.561	1.52	1.583	1.517	0.176	0.205	0.244	0.194	0.203	0.207	0.25	0.391	0.132	0.148	0.151	0.147	0.138	0.136	0.153	0.179
13.25	1.595	1.589	1.511	1.458	1.549	1.427	1.519	1.558	0.202	0.232	0.293	0.223	0.209	0.23	0.318	0.289	0.149	0.147	0.177	0.142	0.147	0.139	0.159	0.158	1.369	1.538	1.519	1.492	1.438	1.405	1.46	1.528	0.164	0.178	0.249	0.197	0.198	0.167	0.281	0.283	0.169	0.138	0.159	0.137	0.139	0.133	0.155	0.177	1.609	1.609	1.627	1.573	1.565	1.527	1.599	1.512	0.179	0.207	0.25	0.198	0.204	0.21	0.256	0.393	0.132	0.148	0.151	0.151	0.139	0.134	0.158	0.177
13.5	1.601	1.596	1.524	1.46	1.552	1.429	1.517	1.583	0.205	0.236	0.297	0.228	0.212	0.232	0.328	0.296	0.15	0.148	0.18	0.144	0.146	0.139	0.163	0.159	1.372	1.54	1.539	1.498	1.439	1.384	1.463	1.526	0.165	0.179	0.253	0.2	0.203	0.169	0.293	0.283	0.169	0.139	0.163	0.137	0.14	0.134	0.153	0.18	1.612	1.615	1.643	1.577	1.576	1.52	1.601	1.521	0.179	0.209	0.253	0.202	0.208	0.212	0.262	0.406	0.132	0.149	0.153	0.15	0.141	0.137	0.156	0.18
13.75	1.597	1.595	1.528	1.473	1.559	1.435	1.524	1.56	0.206	0.24	0.302	0.23	0.214	0.235	0.34	0.297	0.151	0.148	0.182	0.146	0.146	0.141	0.162	0.161	1.371	1.539	1.535	1.502	1.444	1.394	1.462	1.522	0.166	0.182	0.259	0.202	0.205	0.171	0.301	0.29	0.17	0.138	0.163	0.137	0.14	0.134	0.153	0.181	1.613	1.615	1.655	1.582	1.572	1.521	1.6	1.517	0.182	0.217	0.258	0.205	0.212	0.216	0.27	0.413	0.132	0.15	0.153	0.151	0.139	0.136	0.157	0.178
14	1.609	1.6	1.538	1.466	1.558	1.434	1.528	1.562	0.209	0.241	0.297	0.232	0.217	0.239	0.352	0.308	0.152	0.15	0.18	0.144	0.148	0.139	0.164	0.161	1.375	1.552	1.553	1.501	1.445	1.393	1.463	1.523	0.168	0.185	0.264	0.208	0.206	0.173	0.308	0.3	0.171	0.138	0.162	0.137	0.141	0.135	0.154	0.182	1.618	1.622	1.672	1.58	1.585	1.525	1.603	1.511	0.183	0.218	0.265	0.208	0.214	0.219	0.278	0.425	0.133	0.151	0.154	0.15	0.14	0.137	0.16	0.183
14.25	1.603	1.604	1.541	1.467	1.558	1.438	1.526	1.57	0.212	0.246	0.311	0.236	0.221	0.243	0.371	0.315	0.152	0.15	0.181	0.146	0.147	0.141	0.164	0.162	1.384	1.533	1.554	1.498	1.448	1.405	1.455	1.54	0.169	0.186	0.269	0.21	0.211	0.175	0.312	0.301	0.17	0.14	0.163	0.138	0.14	0.134	0.154	0.18	1.621	1.618	1.674	1.581	1.577	1.522	1.609	1.521	0.187	0.226	0.27	0.214	0.216	0.221	0.288	0.435	0.133	0.15	0.154	0.155	0.141	0.137	0.163	0.179
14.5	1.6	1.595	1.532	1.479	1.569	1.436	1.525	1.562	0.215	0.252	0.316	0.241	0.224	0.249	0.376	0.324	0.153	0.15	0.186	0.146	0.147	0.142	0.165	0.163	1.379	1.547	1.556	1.507	1.451	1.396	1.463	1.527	0.17	0.189	0.274	0.212	0.212	0.176	0.334	0.302	0.171	0.141	0.167	0.14	0.142	0.135	0.155	0.182	1.618	1.62	1.682	1.587	1.582	1.522	1.607	1.519	0.188	0.226	0.272	0.217	0.221	0.227	0.293	0.445	0.132	0.15	0.154	0.154	0.14	0.138	0.162	0.184
14.75	1.603	1.598	1.539	1.478	1.562	1.433	1.526	1.57	0.219	0.255	0.321	0.247	0.226	0.254	0.386	0.327	0.152	0.151	0.187	0.146	0.147	0.141	0.165	0.164	1.379	1.549	1.563	1.512	1.455	1.402	1.47	1.53	0.172	0.191	0.278	0.217	0.214	0.179	0.334	0.31	0.171	0.141	0.165	0.138	0.142	0.134	0.158	0.182	1.622	1.627	1.687	1.588	1.585	1.531	1.611	1.522	0.19	0.231	0.278	0.222	0.224	0.23	0.303	0.458	0.133	0.152	0.155	0.153	0.142	0.137	0.162	0.183
15	1.605	1.601	1.552	1.476	1.565	1.442	1.536	1.576	0.221	0.258	0.324	0.251	0.229	0.258	0.401	0.338	0.153	0.152	0.185	0.145	0.149	0.141	0.168	0.165	1.381	1.544	1.569	1.516	1.446	1.388	1.464	1.529	0.174	0.194	0.283	0.222	0.217	0.181	0.345	0.313	0.171	0.141	0.168	0.14	0.141	0.135	0.157	0.185	1.624	1.626	1.693	1.59	1.585	1.524	1.612	1.52	0.192	0.236	0.284	0.225	0.228	0.236	0.311	0.468	0.131	0.152	0.158	0.157	0.141	0.138	0.166	0.19
15.25	1.605	1.611	1.556	1.474	1.57	1.441	1.531	1.569	0.224	0.264	0.334	0.258	0.235	0.262	0.41	0.345	0.154	0.152	0.188	0.147	0.148	0.142	0.167	0.165	1.396	1.538	1.566	1.506	1.455	1.397	1.471	1.535	0.175	0.196	0.289	0.223	0.222	0.181	0.362	0.325	0.172	0.141	0.169	0.139	0.143	0.134	0.16	0.184	1.62	1.619	1.692	1.582	1.576	1.525	1.609	1.524	0.194	0.238	0.287	0.227	0.234	0.239	0.319	0.473	0.134	0.154	0.157	0.154	0.142	0.138	0.166	0.185
15.5	1.605	1.601	1.537	1.484	1.561	1.426	1.538	1.572	0.226	0.267	0.339	0.259	0.235	0.266	0.426	0.348	0.153	0.153	0.188	0.146	0.15	0.141	0.172	0.166	1.384	1.547	1.565	1.51	1.452	1.403	1.466	1.531	0.176	0.198	0.296	0.228	0.222	0.186	0.363	0.329	0.172	0.142	0.171	0.141	0.141	0.135	0.161	0.186	1.624	1.623	1.697	1.588	1.58	1.523	1.608	1.518	0.196	0.244	0.293	0.233	0.235	0.241	0.332	0.478	0.133	0.154	0.16	0.156	0.142	0.14	0.166	0.188
15.75	1.605	1.604	1.545	1.481	1.571	1.438	1.539	1.568	0.229	0.275	0.344	0.262	0.24	0.27	0.447	0.353	0.155	0.154	0.188	0.146	0.149	0.142	0.17	0.168	1.382	1.565	1.58	1.518	1.456	1.413	1.466	1.531	0.178	0.2	0.3	0.233	0.225	0.185	0.383	0.346	0.172	0.143	0.173	0.14	0.142	0.134	0.162	0.188	1.627	1.624	1.696	1.587	1.583	1.535	1.616	1.522	0.199	0.247	0.299	0.238	0.24	0.246	0.339	0.489	0.135	0.156	0.16	0.155	0.141	0.139	0.168	0.189
16	1.61	1.609	1.54	1.483	1.572	1.442	1.538	1.579	0.232	0.278	0.351	0.266	0.242	0.273	0.458	0.367	0.154	0.154	0.194	0.148	0.148	0.143	0.171	0.17	1.382	1.556	1.581	1.512	1.454	1.4	1.47	1.535	0.179	0.203	0.306	0.234	0.229	0.188	0.388	0.344	0.173	0.142	0.171	0.14	0.143	0.134	0.163	0.187	1.626	1.624	1.695	1.59	1.59	1.53	1.618	1.518	0.2	0.25	0.304	0.243	0.243	0.25	0.348	0.499	0.135	0.155	0.161	0.156	0.143	0.14	0.17	0.191
16.25	1.595	1.609	1.554	1.486	1.576	1.446	1.538	1.579	0.235	0.284	0.355	0.274	0.245	0.28	0.481	0.373	0.155	0.154	0.192	0.148	0.149	0.143	0.173	0.169	1.383	1.549	1.568	1.511	1.453	1.398	1.468	1.538	0.183	0.205	0.311	0.239	0.233	0.19	0.4	0.357	0.174	0.143	0.173	0.142	0.143	0.136	0.16	0.192	1.625	1.625	1.697	1.587	1.582	1.521	1.613	1.521	0.203	0.255	0.311	0.247	0.245	0.253	0.362	0.517	0.134	0.156	0.162	0.16	0.144	0.139	0.173	0.191
16.5	1.589	1.594	1.552	1.492	1.571	1.437	1.535	1.574	0.239	0.285	0.362	0.28	0.25	0.285	0.485	0.386	0.156	0.155	0.192	0.147	0.15	0.142	0.178	0.17	1.383	1.539	1.571	1.518	1.449	1.397	1.466	1.536	0.182	0.208	0.319	0.242	0.235	0.192	0.417	0.364	0.174	0.144	0.173	0.142	0.144	0.135	0.164	0.191	1.625	1.624	1.702	1.59	1.58	1.529	1.612	1.519	0.205	0.261	0.318	0.252	0.251	0.259	0.373	0.527	0.135	0.157	0.162	0.158	0.145	0.138	0.173	0.191
16.75	1.595	1.6	1.544	1.485	1.567	1.438	1.535	1.573	0.241	0.292	0.371	0.282	0.249	0.292	0.504	0.397	0.155	0.156	0.198	0.15	0.15	0.143	0.177	0.172	1.381	1.558	1.573	1.515	1.452	1.397	1.469	1.545	0.184	0.209	0.325	0.247	0.237	0.196	0.424	0.364	0.174	0.144	0.174	0.141	0.143	0.135	0.162	0.189	1.627	1.628	1.691	1.59	1.587	1.525	1.615	1.528	0.207	0.267	0.322	0.254	0.254	0.263	0.386	0.537	0.134	0.158	0.164	0.159	0.143	0.14	0.174	0.196
17	1.598	1.598	1.539	1.484	1.564	1.441	1.533	1.574	0.245	0.3	0.389	0.284	0.253	0.296	0.525	0.403	0.156	0.157	0.199	0.15	0.15	0.144	0.179	0.172	1.384	1.548	1.568	1.515	1.446	1.402	1.471	1.528	0.186	0.213	0.332	0.251	0.24	0.198	0.439	0.382	0.174	0.145	0.176	0.142	0.144	0.135	0.165	0.195	1.629	1.631	1.695	1.586	1.583	1.535	1.623	1.52	0.21	0.272	0.333	0.261	0.26	0.267	0.399	0.551	0.136	0.16	0.163	0.159	0.144	0.14	0.175	0.193
17.25	1.581	1.61	1.557	1.482	1.572	1.444	1.538	1.577	0.248	0.303	0.385	0.296	0.256	0.304	0.529	0.403	0.157	0.158	0.198	0.149	0.15	0.144	0.178	0.173	1.387	1.585	1.581	1.505	1.458	1.403	1.477	1.525	0.188	0.215	0.336	0.257	0.245	0.199	0.455	0.381	0.175	0.145	0.177	0.143	0.144	0.136	0.164	0.194	1.631	1.629	1.702	1.591	1.582	1.534	1.616	1.506	0.212	0.276	0.336	0.267	0.264	0.271	0.408	0.563	0.135	0.159	0.165	0.159	0.145	0.141	0.177	0.192
17.5	1.598	1.601	1.545	1.483	1.572	1.444	1.542	1.578	0.251	0.307	0.392	0.297	0.262	0.306	0.56	0.419	0.159	0.158	0.2	0.151	0.151	0.144	0.18	0.17	1.385	1.565	1.583	1.51	1.45	1.411	1.482	1.529	0.189	0.22	0.345	0.256	0.247	0.202	0.471	0.396	0.174	0.146	0.18	0.143	0.143	0.135	0.167	0.196	1.627	1.624	1.696	1.593	1.587	1.527	1.619	1.51	0.215	0.284	0.344	0.27	0.266	0.275	0.424	0.577	0.135	0.16	0.166	0.161	0.143	0.141	0.177	0.192
17.75	1.608	1.609	1.545	1.484	1.569	1.437	1.537	1.571	0.254	0.315	0.401	0.3	0.264	0.313	0.586	0.43	0.159	0.159	0.197	0.149	0.154	0.144	0.183	0.175	1.382	1.537	1.557	1.514	1.452	1.398	1.472	1.538	0.191	0.222	0.352	0.264	0.25	0.206	0.475	0.404	0.174	0.147	0.18	0.144	0.143	0.136	0.166	0.198	1.63	1.63	1.699	1.592	1.589	1.531	1.618	1.521	0.216	0.286	0.353	0.277	0.272	0.281	0.436	0.585	0.134	0.16	0.167	0.16	0.146	0.142	0.178	0.195
18	1.596	1.596	1.546	1.491	1.569	1.44	1.538	1.574	0.257	0.319	0.409	0.31	0.266	0.319	0.59	0.444	0.159	0.16	0.203	0.151	0.152	0.145	0.184	0.174	1.38	1.54	1.56	1.511	1.458	1.403	1.469	1.533	0.192	0.225	0.361	0.265	0.252	0.208	0.495	0.414	0.176	0.147	0.181	0.144	0.145	0.137	0.166	0.198	1.631	1.625	1.699	1.597	1.585	1.525	1.617	1.525	0.22	0.291	0.356	0.281	0.275	0.285	0.451	0.587	0.137	0.162	0.168	0.159	0.147	0.142	0.178	0.197
18.25	1.605	1.603	1.542	1.48	1.576	1.438	1.539	1.576	0.262	0.323	0.419	0.317	0.27	0.326	0.608	0.449	0.16	0.161	0.203	0.151	0.153	0.145	0.184	0.176	1.385	1.546	1.571	1.513	1.458	1.406	1.476	1.533	0.195	0.229	0.365	0.272	0.257	0.21	0.509	0.419	0.175	0.148	0.181	0.143	0.146	0.136	0.169	0.198	1.634	1.635	1.7	1.591	1.591	1.531	1.623	1.511	0.222	0.301	0.368	0.288	0.28	0.29	0.465	0.601	0.135	0.162	0.169	0.165	0.145	0.142	0.182	0.198
18.5	1.609	1.607	1.544	1.484	1.571	1.447	1.539	1.579	0.264	0.328	0.424	0.323	0.273	0.333	0.632	0.453	0.16	0.161	0.201	0.151	0.152	0.145	0.186	0.177	1.381	1.537	1.57	1.518	1.454	1.402	1.465	1.527	0.196	0.232	0.377	0.28	0.259	0.213	0.52	0.425	0.175	0.149	0.186	0.144	0.146	0.136	0.17	0.199	1.634	1.629	1.698	1.59	1.592	1.533	1.622	1.518	0.226	0.306	0.372	0.292	0.286	0.296	0.48	0.606	0.135	0.164	0.171	0.161	0.146	0.143	0.182	0.201
18.75	1.593	1.606	1.552	1.491	1.572	1.444	1.543	1.577	0.269	0.336	0.434	0.324	0.277	0.334	0.661	0.468	0.161	0.162	0.206	0.152	0.154	0.145	0.191	0.177	1.38	1.549	1.568	1.515	1.456	1.397	1.471	1.523	0.198	0.234	0.38	0.284	0.264	0.214	0.549	0.432	0.177	0.149	0.184	0.146	0.145	0.137	0.168	0.202	1.631	1.629	1.7	1.595	1.589	1.531	1.616	1.516	0.228	0.311	0.381	0.299	0.288	0.302	0.493	0.619	0.135	0.164	0.171	0.163	0.146	0.144	0.183	0.199
19	1.609	1.609	1.554	1.496	1.58	1.451	1.537	1.582	0.272	0.342	0.447	0.331	0.278	0.348	0.665	0.476	0.161	0.163	0.207	0.153	0.153	0.146	0.189	0.178	1.385	1.545	1.566	1.508	1.454	1.405	1.48	1.53	0.2	0.237	0.389	0.288	0.266	0.219	0.551	0.437	0.177	0.15	0.182	0.144	0.147	0.136	0.171	0.202	1.634	1.633	1.702	1.596	1.593	1.533	1.62	1.515	0.232	0.318	0.39	0.306	0.292	0.304	0.516	0.641	0.135	0.164	0.171	0.167	0.147	0.142	0.188	0.201
19.25	1.602	1.603	1.548	1.491	1.569	1.448	1.54	1.582	0.276	0.35	0.456	0.337	0.284	0.349	0.703	0.487	0.162	0.164	0.21	0.152	0.154	0.145	0.195	0.18	1.381	1.541	1.572	1.52	1.458	1.396	1.467	1.537	0.202	0.241	0.4	0.295	0.268	0.222	0.566	0.451	0.177	0.15	0.186	0.146	0.146	0.138	0.17	0.204	1.63	1.629	1.699	1.594	1.587	1.53	1.622	1.507	0.233	0.32	0.397	0.311	0.296	0.313	0.523	0.652	0.137	0.164	0.171	0.167	0.15	0.142	0.188	0.202
19.5	1.607	1.605	1.536	1.491	1.565	1.438	1.534	1.588	0.279	0.354	0.466	0.348	0.284	0.359	0.717	0.492	0.162	0.164	0.211	0.154	0.154	0.147	0.193	0.181	1.385	1.54	1.574	1.523	1.457	1.408	1.473	1.532	0.203	0.245	0.405	0.3	0.274	0.225	0.59	0.455	0.178	0.151	0.185	0.145	0.148	0.136	0.171	0.206	1.634	1.629	1.7	1.591	1.588	1.534	1.625	1.521	0.236	0.328	0.406	0.318	0.3	0.317	0.542	0.664	0.138	0.167	0.174	0.164	0.15	0.144	0.187	0.204
19.75	1.605	1.608	1.539	1.487	1.573	1.443	1.547	1.579	0.283	0.359	0.47	0.355	0.291	0.362	0.742	0.502	0.162	0.166	0.211	0.153	0.155	0.145	0.194	0.182	1.381	1.537	1.558	1.522	1.449	1.399	1.476	1.527	0.205	0.248	0.414	0.305	0.279	0.226	0.617	0.465	0.178	0.151	0.189	0.147	0.147	0.137	0.174	0.203	1.634	1.627	1.694	1.591	1.592	1.527	1.621	1.513	0.239	0.333	0.416	0.326	0.305	0.326	0.559	0.671	0.138	0.168	0.175	0.165	0.15	0.142	0.19	0.205
20	1.601	1.604	1.545	1.488	1.572	1.446	1.541	1.586	0.286	0.362	0.483	0.365	0.294	0.373	0.755	0.511	0.164	0.166	0.207	0.152	0.155	0.146	0.194	0.183	1.384	1.544	1.571	1.52	1.455	1.399	1.468	1.535	0.207	0.253	0.424	0.308	0.281	0.231	0.62	0.473	0.178	0.152	0.19	0.148	0.147	0.137	0.174	0.208	1.633	1.63	1.7	1.596	1.589	1.524	1.62	1.514	0.241	0.345	0.428	0.336	0.313	0.328	0.578	0.702	0.139	0.169	0.174	0.166	0.152	0.143	0.193	0.208
20.25	1.614	1.609	1.538	1.492	1.569	1.445	1.541	1.579	0.29	0.371	0.493	0.366	0.298	0.375	0.79	0.527	0.163	0.166	0.21	0.154	0.155	0.147	0.196	0.182	1.386	1.568	1.578	1.523	1.456	1.394	1.469	1.536	0.209	0.254	0.431	0.32	0.282	0.235	0.634	0.495	0.179	0.152	0.189	0.148	0.146	0.139	0.172	0.209	1.632	1.632	1.704	1.598	1.595	1.529	1.624	1.517	0.245	0.349	0.433	0.339	0.32	0.335	0.596	0.694	0.137	0.167	0.176	0.167	0.15	0.144	0.193	0.205
20.5	1.602	1.6	1.534	1.487	1.568	1.44	1.533	1.581	0.294	0.376	0.505	0.378	0.299	0.389	0.796	0.536	0.164	0.168	0.212	0.153	0.156	0.146	0.202	0.185	1.386	1.566	1.583	1.515	1.458	1.409	1.481	1.525	0.211	0.259	0.439	0.321	0.29	0.235	0.676	0.503	0.179	0.154	0.194	0.148	0.147	0.138	0.175	0.213	1.635	1.632	1.696	1.595	1.59	1.529	1.623	1.51	0.248	0.357	0.443	0.344	0.321	0.34	0.609	0.714	0.138	0.17	0.175	0.169	0.152	0.143	0.197	0.208
20.75	1.608	1.603	1.53	1.483	1.564	1.434	1.537	1.589	0.297	0.385	0.518	0.379	0.303	0.394	0.835	0.543	0.165	0.168	0.217	0.154	0.156	0.147	0.204	0.186	1.391	1.563	1.581	1.529	1.459	1.402	1.478	1.542	0.214	0.262	0.446	0.328	0.294	0.24	0.68	0.507	0.18	0.153	0.193	0.149	0.147	0.138	0.175	0.21	1.633	1.63	1.701	1.597	1.586	1.528	1.626	1.51	0.252	0.367	0.458	0.355	0.327	0.347	0.633	0.724	0.136	0.169	0.178	0.17	0.151	0.143	0.198	0.208
21	1.613	1.606	1.545	1.494	1.573	1.437	1.538	1.585	0.302	0.388	0.526	0.39	0.305	0.401	0.847	0.561	0.165	0.169	0.216	0.155	0.156	0.148	0.202	0.188	1.389	1.546	1.573	1.524	1.462	1.408	1.471	1.538	0.215	0.266	0.454	0.336	0.295	0.243	0.706	0.513	0.179	0.155	0.194	0.15	0.147	0.138	0.178	0.212	1.632	1.632	1.701	1.594	1.586	1.529	1.629	1.516	0.253	0.365	0.461	0.366	0.333	0.353	0.652	0.729	0.138	0.17	0.178	0.17	0.151	0.143	0.2	0.212
21.25	1.615	1.613	1.552	1.501	1.569	1.435	1.539	1.584	0.304	0.395	0.538	0.401	0.308	0.408	0.871	0.572	0.166	0.171	0.218	0.155	0.158	0.147	0.205	0.187	1.383	1.55	1.575	1.514	1.454	1.401	1.473	1.527	0.217	0.271	0.469	0.343	0.298	0.247	0.717	0.518	0.181	0.154	0.192	0.15	0.149	0.139	0.176	0.212	1.634	1.634	1.7	1.599	1.589	1.531	1.625	1.515	0.256	0.375	0.471	0.369	0.336	0.361	0.67	0.753	0.14	0.173	0.18	0.169	0.152	0.144	0.201	0.213
21.5	1.597	1.609	1.552	1.49	1.572	1.448	1.536	1.585	0.31	0.401	0.546	0.404	0.315	0.411	0.901	0.581	0.166	0.171	0.216	0.154	0.157	0.148	0.204	0.187	1.389	1.533	1.576	1.521	1.461	1.409	1.474	1.528	0.22	0.276	0.481	0.35	0.304	0.25	0.738	0.541	0.181	0.156	0.192	0.149	0.151	0.137	0.181	0.215	1.634	1.633	1.708	1.597	1.591	1.538	1.62	1.515	0.259	0.384	0.481	0.378	0.343	0.367	0.69	0.759	0.138	0.171	0.18	0.173	0.152	0.144	0.204	0.214
21.75	1.612	1.607	1.541	1.496	1.575	1.444	1.545	1.587	0.314	0.407	0.568	0.413	0.317	0.422	0.912	0.59	0.167	0.173	0.224	0.156	0.158	0.148	0.209	0.19	1.383	1.542	1.567	1.518	1.46	1.411	1.476	1.538	0.222	0.28	0.486	0.356	0.308	0.255	0.761	0.539	0.182	0.156	0.197	0.152	0.149	0.138	0.179	0.213	1.638	1.639	1.702	1.6	1.595	1.536	1.629	1.52	0.264	0.396	0.499	0.389	0.347	0.373	0.709	0.767	0.14	0.174	0.181	0.169	0.154	0.145	0.205	0.215
22	1.611	1.604	1.543	1.495	1.575	1.444	1.546	1.585	0.318	0.414	0.575	0.423	0.32	0.43	0.941	0.598	0.167	0.172	0.224	0.156	0.158	0.147	0.214	0.19	1.389	1.554	1.575	1.518	1.462	1.407	1.48	1.529	0.224	0.283	0.494	0.365	0.311	0.259	0.776	0.567	0.181	0.157	0.197	0.15	0.151	0.137	0.183	0.216	1.64	1.639	1.702	1.6	1.599	1.539	1.625	1.515	0.267	0.402	0.506	0.394	0.353	0.379	0.727	0.797	0.14	0.173	0.181	0.173	0.153	0.145	0.209	0.216
22.25	1.613	1.611	1.541	1.492	1.571	1.44	1.545	1.59	0.323	0.425	0.589	0.425	0.328	0.434	0.976	0.614	0.168	0.174	0.225	0.156	0.158	0.149	0.212	0.19	1.388	1.548	1.572	1.517	1.461	1.403	1.475	1.535	0.227	0.289	0.509	0.368	0.318	0.262	0.806	0.565	0.183	0.158	0.203	0.151	0.151	0.138	0.184	0.218	1.636	1.635	1.699	1.601	1.595	1.533	1.628	1.511	0.269	0.406	0.516	0.405	0.357	0.386	0.746	0.807	0.139	0.176	0.186	0.172	0.154	0.146	0.206	0.215
22.5	1.613	1.608	1.547	1.504	1.568	1.446	1.536	1.6	0.326	0.429	0.597	0.434	0.326	0.439	0.989	0.639	0.168	0.175	0.229	0.157	0.159	0.15	0.214	0.194	1.388	1.546	1.566	1.518	1.457	1.411	1.475	1.553	0.23	0.294	0.522	0.378	0.32	0.266	0.816	0.574	0.182	0.158	0.204	0.153	0.15	0.139	0.182	0.216	1.636	1.634	1.702	1.598	1.588	1.53	1.625	1.515	0.271	0.413	0.529	0.412	0.364	0.396	0.768	0.82	0.141	0.175	0.184	0.173	0.154	0.145	0.211	0.219
22.75	1.613	1.607	1.545	1.489	1.57	1.445	1.55	1.587	0.33	0.435	0.612	0.449	0.326	0.455	1.006	0.641	0.169	0.175	0.227	0.157	0.157	0.149	0.217	0.195	1.389	1.548	1.575	1.521	1.454	1.4	1.48	1.532	0.231	0.299	0.532	0.38	0.328	0.267	0.853	0.587	0.184	0.158	0.199	0.151	0.15	0.139	0.181	0.217	1.638	1.641	1.701	1.6	1.595	1.528	1.626	1.515	0.276	0.421	0.541	0.421	0.371	0.403	0.794	0.831	0.141	0.177	0.185	0.174	0.154	0.146	0.21	0.218
23	1.611	1.609	1.547	1.492	1.567	1.45	1.543	1.593	0.334	0.443	0.619	0.451	0.336	0.456	1.031	0.651	0.17	0.176	0.227	0.157	0.159	0.15	0.213	0.192	1.39	1.555	1.571	1.516	1.463	1.415	1.48	1.53	0.232	0.303	0.533	0.391	0.329	0.271	0.873	0.596	0.185	0.158	0.205	0.153	0.151	0.14	0.183	0.221	1.638	1.633	1.702	1.6	1.593	1.534	1.625	1.514	0.28	0.435	0.555	0.431	0.379	0.408	0.815	0.832	0.14	0.175	0.186	0.176	0.154	0.145	0.216	0.217
23.25	1.615	1.61	1.55	1.5	1.575	1.452	1.544	1.583	0.338	0.451	0.638	0.458	0.341	0.463	1.066	0.665	0.17	0.177	0.228	0.157	0.159	0.149	0.22	0.195	1.39	1.547	1.573	1.517	1.459	1.402	1.472	1.531	0.234	0.31	0.549	0.399	0.334	0.276	0.899	0.608	0.185	0.159	0.2	0.153	0.152	0.139	0.185	0.219	1.636	1.631	1.705	1.6	1.592	1.532	1.627	1.512	0.281	0.443	0.562	0.442	0.385	0.411	0.834	0.85	0.141	0.178	0.187	0.177	0.156	0.145	0.216	0.223
23.5	1.608	1.607	1.545	1.492	1.569	1.435	1.543	1.595	0.343	0.457	0.651	0.471	0.342	0.477	1.08	0.686	0.171	0.178	0.231	0.157	0.159	0.149	0.224	0.195	1.392	1.537	1.568	1.512	1.448	1.398	1.472	1.532	0.237	0.313	0.563	0.408	0.338	0.279	0.923	0.621	0.185	0.16	0.203	0.153	0.152	0.138	0.186	0.221	1.64	1.635	1.7	1.602	1.594	1.534	1.628	1.519	0.283	0.457	0.586	0.444	0.391	0.419	0.86	0.852	0.141	0.179	0.189	0.175	0.155	0.147	0.212	0.222
23.75	1.617	1.619	1.553	1.495	1.574	1.45	1.553	1.589	0.347	0.467	0.666	0.479	0.343	0.49	1.098	0.698	0.171	0.179	0.235	0.159	0.159	0.149	0.227	0.195	1.389	1.547	1.569	1.525	1.457	1.408	1.474	1.532	0.241	0.317	0.575	0.417	0.342	0.284	0.931	0.632	0.185	0.162	0.21	0.155	0.152	0.138	0.19	0.224	1.638	1.638	1.702	1.598	1.596	1.531	1.629	1.51	0.287	0.459	0.589	0.462	0.395	0.425	0.884	0.876	0.14	0.179	0.189	0.178	0.155	0.146	0.218	0.223
24	1.603	1.607	1.541	1.494	1.578	1.45	1.547	1.591	0.352	0.474	0.679	0.485	0.35	0.49	1.14	0.703	0.172	0.179	0.233	0.16	0.16	0.15	0.225	0.2	1.399	1.563	1.587	1.524	1.457	1.406	1.48	1.527	0.242	0.324	0.587	0.422	0.347	0.287	0.964	0.648	0.184	0.162	0.21	0.154	0.153	0.139	0.191	0.226	1.64	1.64	1.703	1.6	1.598	1.537	1.627	1.516	0.291	0.469	0.608	0.467	0.401	0.435	0.902	0.888	0.141	0.181	0.19	0.178	0.159	0.145	0.223	0.224
24.25	1.613	1.615	1.551	1.5	1.573	1.448	1.551	1.597	0.356	0.478	0.691	0.499	0.353	0.498	1.146	0.719	0.173	0.181	0.233	0.159	0.16	0.151	0.224	0.195	1.388	1.565	1.582	1.527	1.462	1.414	1.481	1.533	0.245	0.328	0.595	0.433	0.355	0.295	0.972	0.662	0.186	0.162	0.212	0.156	0.152	0.139	0.191	0.228	1.643	1.64	1.706	1.597	1.592	1.538	1.634	1.514	0.295	0.482	0.622	0.479	0.408	0.447	0.924	0.9	0.14	0.181	0.191	0.181	0.157	0.145	0.226	0.224
24.5	1.614	1.61	1.544	1.494	1.569	1.451	1.545	1.592	0.36	0.49	0.707	0.504	0.357	0.507	1.18	0.733	0.173	0.182	0.234	0.159	0.161	0.152	0.227	0.196	1.393	1.574	1.579	1.518	1.462	1.412	1.486	1.527	0.248	0.336	0.618	0.439	0.356	0.298	0.994	0.678	0.187	0.163	0.209	0.155	0.152	0.14	0.188	0.232	1.639	1.639	1.701	1.599	1.595	1.537	1.626	1.509	0.299	0.496	0.638	0.49	0.416	0.448	0.953	0.908	0.142	0.183	0.192	0.178	0.157	0.146	0.223	0.223
24.75	1.613	1.613	1.545	1.493	1.574	1.449	1.551	1.594	0.366	0.502	0.726	0.515	0.362	0.522	1.178	0.749	0.175	0.183	0.237	0.16	0.161	0.152	0.229	0.2	1.39	1.556	1.579	1.525	1.468	1.407	1.474	1.544	0.25	0.341	0.619	0.447	0.359	0.301	1.03	0.678	0.187	0.163	0.208	0.155	0.153	0.139	0.188	0.229	1.641	1.635	1.702	1.601	1.599	1.532	1.629	1.527	0.303	0.504	0.649	0.499	0.421	0.458	0.97	0.927	0.139	0.181	0.192	0.181	0.156	0.147	0.226	0.224
25	1.598	1.606	1.538	1.502	1.579	1.451	1.55	1.588	0.369	0.505	0.73	0.525	0.367	0.524	1.213	0.754	0.176	0.184	0.236	0.159	0.163	0.15	0.235	0.199	1.387	1.543	1.572	1.52	1.465	1.401	1.478	1.524	0.253	0.347	0.636	0.457	0.369	0.303	1.046	0.701	0.188	0.163	0.209	0.156	0.153	0.14	0.19	0.229	1.641	1.641	1.701	1.603	1.593	1.531	1.628	1.51	0.306	0.523	0.67	0.519	0.43	0.459	0.994	0.942	0.141	0.183	0.194	0.182	0.158	0.147	0.227	0.226
25.25	1.61	1.611	1.538	1.492	1.581	1.448	1.548	1.591	0.373	0.512	0.75	0.537	0.364	0.539	1.208	0.782	0.175	0.184	0.242	0.16	0.163	0.151	0.238	0.201	1.388	1.55	1.574	1.527	1.461	1.412	1.478	1.535	0.256	0.351	0.646	0.469	0.371	0.312	1.054	0.704	0.188	0.164	0.213	0.156	0.153	0.139	0.197	0.233	1.641	1.638	1.7	1.601	1.595	1.533	1.627	1.523	0.307	0.527	0.681	0.522	0.43	0.47	1.019	0.948	0.144	0.186	0.195	0.18	0.158	0.147	0.23	0.23
25.5	1.613	1.613	1.547	1.496	1.573	1.458	1.556	1.59	0.378	0.518	0.76	0.548	0.37	0.548	1.231	0.793	0.175	0.185	0.243	0.161	0.161	0.151	0.24	0.203	1.393	1.58	1.583	1.523	1.474	1.416	1.48	1.536	0.257	0.36	0.67	0.474	0.375	0.317	1.068	0.718	0.189	0.165	0.214	0.158	0.155	0.139	0.197	0.232	1.645	1.644	1.703	1.6	1.598	1.536	1.63	1.518	0.313	0.532	0.695	0.539	0.443	0.486	1.037	0.975	0.144	0.187	0.197	0.18	0.159	0.148	0.229	0.229
25.75	1.609	1.612	1.553	1.499	1.577	1.448	1.548	1.595	0.383	0.528	0.769	0.554	0.377	0.548	1.27	0.797	0.177	0.185	0.24	0.16	0.162	0.152	0.236	0.201	1.39	1.568	1.58	1.52	1.462	1.409	1.488	1.533	0.26	0.365	0.677	0.481	0.383	0.319	1.111	0.726	0.191	0.166	0.214	0.158	0.157	0.139	0.196	0.234	1.644	1.645	1.702	1.601	1.596	1.534	1.631	1.508	0.317	0.547	0.709	0.54	0.448	0.494	1.06	0.988	0.143	0.187	0.198	0.186	0.16	0.146	0.236	0.231
26	1.605	1.611	1.547	1.501	1.574	1.45	1.549	1.592	0.388	0.536	0.789	0.569	0.38	0.558	1.28	0.813	0.178	0.187	0.241	0.162	0.163	0.152	0.243	0.2	1.394	1.558	1.572	1.53	1.467	1.402	1.478	1.534	0.263	0.37	0.686	0.494	0.387	0.323	1.122	0.744	0.19	0.166	0.218	0.16	0.155	0.14	0.196	0.235	1.645	1.643	1.698	1.607	1.598	1.54	1.632	1.519	0.317	0.551	0.722	0.558	0.459	0.498	1.078	1.014	0.143	0.189	0.201	0.183	0.158	0.147	0.233	0.234
26.25	1.604	1.623	1.553	1.488	1.58	1.453	1.559	1.596	0.391	0.54	0.809	0.576	0.383	0.575	1.284	0.834	0.178	0.188	0.247	0.163	0.162	0.153	0.242	0.205	1.392	1.549	1.571	1.518	1.462	1.408	1.481	1.534	0.265	0.378	0.702	0.509	0.391	0.333	1.13	0.752	0.191	0.166	0.218	0.16	0.156	0.141	0.195	0.235	1.644	1.642	1.702	1.601	1.597	1.551	1.635	1.518	0.323	0.573	0.75	0.565	0.462	0.502	1.108	1.01	0.144	0.191	0.201	0.182	0.16	0.148	0.236	0.234
26.5	1.603	1.617	1.552	1.495	1.574	1.453	1.553	1.6	0.396	0.558	0.827	0.589	0.385	0.583	1.305	0.848	0.177	0.189	0.25	0.163	0.163	0.153	0.248	0.206	1.385	1.544	1.573	1.524	1.463	1.405	1.474	1.545	0.268	0.384	0.714	0.52	0.401	0.336	1.152	0.765	0.19	0.169	0.221	0.16	0.156	0.14	0.201	0.237	1.645	1.646	1.703	1.602	1.603	1.551	1.643	1.521	0.326	0.576	0.756	0.584	0.472	0.513	1.122	1.023	0.144	0.19	0.201	0.184	0.159	0.145	0.241	0.235
26.75	1.605	1.605	1.541	1.493	1.578	1.449	1.551	1.602	0.403	0.564	0.828	0.602	0.394	0.584	1.328	0.858	0.178	0.19	0.25	0.163	0.163	0.152	0.25	0.205	1.388	1.553	1.567	1.534	1.472	1.41	1.481	1.536	0.27	0.392	0.734	0.524	0.405	0.339	1.169	0.771	0.191	0.169	0.221	0.162	0.155	0.14	0.199	0.235	1.644	1.643	1.699	1.603	1.597	1.533	1.629	1.514	0.332	0.604	0.786	0.598	0.479	0.523	1.136	1.052	0.144	0.19	0.202	0.184	0.16	0.148	0.24	0.238
27	1.612	1.612	1.547	1.502	1.573	1.448	1.546	1.605	0.407	0.577	0.852	0.608	0.398	0.597	1.346	0.875	0.181	0.19	0.249	0.163	0.164	0.154	0.246	0.208	1.389	1.554	1.567	1.524	1.467	1.409	1.484	1.544	0.274	0.397	0.748	0.54	0.411	0.345	1.181	0.785	0.192	0.169	0.223	0.161	0.156	0.141	0.201	0.236	1.644	1.642	1.7	1.605	1.597	1.535	1.636	1.525	0.333	0.609	0.794	0.611	0.486	0.53	1.159	1.056	0.144	0.193	0.205	0.185	0.159	0.148	0.241	0.24
27.25	1.613	1.611	1.54	1.509	1.579	1.447	1.55	1.599	0.412	0.584	0.866	0.618	0.398	0.606	1.357	0.887	0.18	0.191	0.252	0.163	0.164	0.153	0.254	0.207	1.392	1.564	1.573	1.526	1.462	1.41	1.479	1.528	0.275	0.405	0.768	0.548	0.414	0.353	1.189	0.805	0.193	0.17	0.224	0.162	0.155	0.14	0.201	0.238	1.643	1.638	1.699	1.6	1.597	1.534	1.638	1.518	0.338	0.619	0.81	0.623	0.492	0.526	1.193	1.075	0.146	0.196	0.207	0.186	0.162	0.145	0.247	0.241
27.5	1.613	1.613	1.545	1.505	1.573	1.442	1.547	1.593	0.417	0.59	0.875	0.634	0.402	0.62	1.351	0.906	0.18	0.192	0.253	0.166	0.164	0.154	0.253	0.211	1.389	1.558	1.577	1.523	1.463	1.41	1.483	1.536	0.28	0.412	0.776	0.561	0.425	0.355	1.22	0.83	0.193	0.171	0.224	0.162	0.157	0.141	0.203	0.24	1.648	1.642	1.705	1.607	1.599	1.538	1.632	1.519	0.342	0.641	0.833	0.635	0.502	0.545	1.206	1.082	0.146	0.195	0.205	0.188	0.165	0.147	0.246	0.242
27.75	1.619	1.609	1.539	1.498	1.573	1.45	1.548	1.601	0.421	0.604	0.886	0.646	0.406	0.633	1.363	0.91	0.181	0.193	0.254	0.163	0.166	0.154	0.258	0.209	1.393	1.551	1.576	1.532	1.469	1.416	1.484	1.533	0.283	0.425	0.801	0.57	0.432	0.359	1.245	0.843	0.195	0.17	0.223	0.162	0.157	0.14	0.206	0.24	1.646	1.643	1.703	1.605	1.597	1.535	1.63	1.516	0.346	0.657	0.853	0.648	0.511	0.549	1.227	1.093	0.145	0.196	0.206	0.188	0.163	0.147	0.25	0.241
28	1.616	1.616	1.545	1.504	1.578	1.461	1.552	1.598	0.426	0.606	0.893	0.657	0.414	0.635	1.372	0.928	0.183	0.192	0.254	0.165	0.165	0.154	0.255	0.21	1.389	1.536	1.567	1.525	1.459	1.41	1.476	1.531	0.285	0.429	0.808	0.583	0.435	0.366	1.24	0.854	0.195	0.17	0.228	0.163	0.159	0.14	0.208	0.244	1.65	1.644	1.706	1.601	1.598	1.536	1.628	1.513	0.349	0.671	0.865	0.656	0.522	0.56	1.24	1.113	0.147	0.198	0.208	0.186	0.163	0.146	0.25	0.243
28.25	1.605	1.608	1.545	1.502	1.571	1.454	1.55	1.603	0.433	0.619	0.903	0.664	0.413	0.647	1.374	0.938	0.183	0.194	0.258	0.166	0.165	0.154	0.262	0.211	1.389	1.546	1.565	1.534	1.463	1.404	1.483	1.532	0.288	0.435	0.822	0.593	0.443	0.369	1.276	0.852	0.195	0.172	0.225	0.163	0.159	0.14	0.206	0.241	1.647	1.644	1.7	1.607	1.599	1.539	1.637	1.512	0.351	0.671	0.881	0.673	0.523	0.578	1.259	1.121	0.145	0.195	0.207	0.191	0.163	0.148	0.257	0.246
28.5	1.612	1.622	1.552	1.507	1.575	1.453	1.547	1.604	0.439	0.622	0.938	0.68	0.417	0.66	1.378	0.951	0.184	0.196	0.259	0.166	0.166	0.154	0.262	0.213	1.39	1.527	1.558	1.525	1.456	1.407	1.478	1.537	0.292	0.444	0.839	0.611	0.449	0.377	1.273	0.857	0.195	0.172	0.23	0.166	0.157	0.141	0.206	0.237	1.647	1.645	1.703	1.607	1.599	1.535	1.641	1.523	0.356	0.688	0.905	0.689	0.533	0.584	1.273	1.133	0.147	0.199	0.207	0.19	0.168	0.15	0.256	0.248
28.75	1.616	1.616	1.543	1.506	1.576	1.45	1.55	1.604	0.442	0.638	0.947	0.697	0.419	0.663	1.374	0.977	0.184	0.197	0.26	0.165	0.166	0.154	0.261	0.214	1.392	1.542	1.563	1.525	1.468	1.416	1.48	1.545	0.294	0.453	0.856	0.621	0.457	0.379	1.306	0.884	0.197	0.172	0.229	0.166	0.159	0.142	0.205	0.242	1.646	1.647	1.703	1.605	1.598	1.544	1.634	1.521	0.36	0.711	0.928	0.7	0.539	0.593	1.298	1.148	0.147	0.2	0.212	0.19	0.166	0.148	0.261	0.249
29	1.615	1.609	1.538	1.507	1.575	1.443	1.552	1.603	0.448	0.642	0.947	0.704	0.424	0.676	1.385	0.978	0.185	0.197	0.263	0.168	0.166	0.155	0.265	0.211	1.395	1.569	1.582	1.53	1.466	1.421	1.488	1.536	0.297	0.462	0.872	0.631	0.465	0.383	1.313	0.9	0.196	0.174	0.231	0.164	0.159	0.141	0.208	0.25	1.647	1.646	1.704	1.604	1.603	1.544	1.636	1.516	0.363	0.722	0.93	0.718	0.553	0.595	1.319	1.171	0.147	0.201	0.211	0.192	0.164	0.148	0.263	0.248
29.25	1.604	1.606	1.537	1.502	1.58	1.448	1.547	1.603	0.453	0.659	0.982	0.718	0.429	0.689	1.384	1.002	0.185	0.199	0.264	0.167	0.165	0.154	0.273	0.216	1.397	1.571	1.585	1.529	1.468	1.425	1.491	1.541	0.301	0.469	0.893	0.647	0.469	0.395	1.294	0.915	0.198	0.175	0.234	0.168	0.159	0.141	0.21	0.248	1.645	1.642	1.704	1.606	1.595	1.528	1.635	1.518	0.369	0.725	0.949	0.73	0.555	0.611	1.329	1.179	0.147	0.2	0.213	0.193	0.164	0.149	0.264	0.249
29.5	1.605	1.609	1.54	1.505	1.576	1.446	1.55	1.604	0.458	0.674	0.988	0.72	0.434	0.695	1.398	1.014	0.186	0.199	0.268	0.169	0.164	0.154	0.273	0.214	1.392	1.538	1.564	1.529	1.466	1.413	1.486	1.532	0.304	0.477	0.904	0.663	0.473	0.399	1.298	0.921	0.198	0.174	0.232	0.165	0.16	0.141	0.209	0.251	1.648	1.649	1.705	1.609	1.605	1.539	1.638	1.516	0.372	0.745	0.971	0.749	0.565	0.611	1.351	1.188	0.148	0.202	0.214	0.193	0.165	0.149	0.264	0.246
29.75	1.616	1.617	1.549	1.496	1.573	1.446	1.555	1.6	0.464	0.68	1.004	0.74	0.436	0.709	1.383	1.024	0.187	0.199	0.268	0.169	0.166	0.155	0.271	0.215	1.393	1.563	1.583	1.535	1.475	1.417	1.48	1.539	0.306	0.484	0.923	0.677	0.474	0.404	1.308	0.941	0.2	0.176	0.235	0.167	0.16	0.14	0.215	0.25	1.645	1.643	1.703	1.607	1.602	1.542	1.644	1.515	0.376	0.761	0.992	0.758	0.576	0.624	1.362	1.198	0.146	0.203	0.215	0.195	0.164	0.148	0.267	0.25
30	1.621	1.611	1.543	1.507	1.584	1.459	1.55	1.595	0.466	0.688	1.021	0.752	0.443	0.726	1.386	1.048	0.187	0.2	0.27	0.169	0.167	0.154	0.277	0.217	1.394	1.544	1.566	1.526	1.474	1.425	1.487	1.533	0.312	0.493	0.937	0.69	0.481	0.41	1.313	0.951	0.201	0.176	0.235	0.166	0.161	0.141	0.212	0.25	1.648	1.646	1.705	1.606	1.601	1.541	1.643	1.519	0.38	0.777	1.012	0.775	0.588	0.633	1.384	1.204	0.147	0.204	0.216	0.194	0.166	0.149	0.267	0.253
30.25	1.613	1.614	1.544	1.504	1.58	1.457	1.551	1.602	0.472	0.705	1.038	0.763	0.444	0.723	1.39	1.074	0.187	0.202	0.272	0.169	0.167	0.155	0.278	0.22	1.397	1.551	1.57	1.526	1.466	1.413	1.484	1.555	0.312	0.508	0.957	0.694	0.498	0.413	1.333	0.96	0.2	0.177	0.237	0.167	0.161	0.141	0.214	0.249	1.648	1.647	1.7	1.61	1.602	1.536	1.638	1.528	0.382	0.784	1.027	0.791	0.592	0.644	1.393	1.217	0.146	0.203	0.216	0.198	0.167	0.149	0.275	0.257
30.5	1.6	1.616	1.537	1.504	1.583	1.454	1.554	1.608	0.477	0.71	1.04	0.775	0.454	0.733	1.397	1.083	0.188	0.202	0.271	0.168	0.167	0.154	0.278	0.221	1.391	1.545	1.569	1.533	1.461	1.418	1.486	1.548	0.313	0.507	0.964	0.715	0.497	0.426	1.311	0.978	0.2	0.177	0.241	0.17	0.16	0.143	0.215	0.251	1.651	1.644	1.704	1.612	1.608	1.54	1.635	1.525	0.389	0.798	1.033	0.807	0.61	0.645	1.406	1.22	0.148	0.204	0.218	0.198	0.168	0.146	0.276	0.257
30.75	1.619	1.629	1.548	1.498	1.577	1.454	1.554	1.607	0.482	0.726	1.056	0.789	0.455	0.741	1.401	1.094	0.19	0.203	0.272	0.168	0.168	0.155	0.28	0.223	1.391	1.55	1.574	1.536	1.475	1.425	1.489	1.539	0.316	0.525	0.997	0.723	0.508	0.424	1.336	1.002	0.2	0.178	0.239	0.17	0.162	0.141	0.219	0.252	1.654	1.648	1.702	1.611	1.605	1.54	1.641	1.516	0.392	0.823	1.06	0.819	0.614	0.659	1.419	1.243	0.149	0.206	0.216	0.195	0.168	0.149	0.276	0.259
31	1.609	1.609	1.539	1.504	1.573	1.447	1.552	1.603	0.49	0.738	1.073	0.802	0.46	0.749	1.404	1.098	0.189	0.203	0.278	0.171	0.168	0.155	0.289	0.221	1.388	1.521	1.566	1.524	1.477	1.416	1.494	1.536	0.322	0.535	1	0.743	0.516	0.428	1.339	1.006	0.202	0.178	0.242	0.169	0.162	0.141	0.217	0.255	1.653	1.652	1.704	1.606	1.602	1.55	1.645	1.515	0.396	0.828	1.065	0.832	0.616	0.672	1.435	1.265	0.148	0.206	0.22	0.199	0.167	0.147	0.279	0.259
31.25	1.623	1.621	1.552	1.515	1.581	1.456	1.55	1.607	0.496	0.743	1.087	0.82	0.464	0.766	1.393	1.123	0.19	0.205	0.277	0.169	0.17	0.154	0.287	0.221	1.391	1.531	1.562	1.534	1.461	1.406	1.488	1.534	0.326	0.545	1.022	0.752	0.533	0.433	1.339	1.029	0.202	0.179	0.246	0.172	0.162	0.141	0.222	0.255	1.653	1.649	1.708	1.609	1.6	1.542	1.64	1.521	0.399	0.843	1.082	0.848	0.632	0.682	1.438	1.277	0.151	0.21	0.223	0.197	0.169	0.149	0.278	0.261
31.5	1.618	1.625	1.55	1.5	1.573	1.447	1.558	1.604	0.5	0.753	1.108	0.835	0.465	0.778	1.391	1.125	0.191	0.207	0.279	0.171	0.167	0.155	0.295	0.225	1.396	1.542	1.57	1.536	1.47	1.425	1.495	1.541	0.326	0.561	1.051	0.764	0.532	0.443	1.342	1.024	0.203	0.18	0.246	0.172	0.163	0.141	0.225	0.251	1.651	1.649	1.707	1.609	1.601	1.541	1.644	1.519	0.406	0.868	1.116	0.863	0.639	0.691	1.436	1.294	0.149	0.21	0.225	0.199	0.168	0.148	0.285	0.259
31.75	1.622	1.615	1.543	1.512	1.577	1.454	1.554	1.608	0.504	0.764	1.122	0.849	0.469	0.788	1.389	1.134	0.192	0.208	0.279	0.17	0.17	0.155	0.292	0.223	1.394	1.562	1.585	1.537	1.473	1.415	1.487	1.539	0.332	0.557	1.048	0.786	0.541	0.45	1.33	1.049	0.203	0.181	0.245	0.172	0.163	0.141	0.222	0.258	1.652	1.647	1.701	1.614	1.61	1.545	1.638	1.515	0.409	0.888	1.136	0.88	0.648	0.701	1.444	1.295	0.149	0.211	0.224	0.199	0.17	0.149	0.286	0.261
32	1.623	1.614	1.541	1.511	1.58	1.463	1.55	1.604	0.512	0.773	1.12	0.862	0.473	0.799	1.397	1.159	0.193	0.207	0.279	0.171	0.17	0.155	0.295	0.227	1.394	1.56	1.578	1.533	1.466	1.416	1.485	1.544	0.335	0.573	1.073	0.801	0.548	0.456	1.327	1.053	0.204	0.182	0.249	0.174	0.162	0.142	0.225	0.256	1.655	1.652	1.708	1.609	1.605	1.543	1.64	1.524	0.415	0.91	1.159	0.895	0.656	0.709	1.453	1.301	0.151	0.214	0.225	0.201	0.169	0.148	0.288	0.265
32.25	1.609	1.616	1.541	1.514	1.581	1.453	1.554	1.602	0.516	0.782	1.135	0.875	0.477	0.804	1.399	1.174	0.195	0.209	0.285	0.172	0.168	0.155	0.299	0.227	1.395	1.555	1.569	1.533	1.467	1.421	1.488	1.532	0.339	0.584	1.085	0.814	0.555	0.459	1.346	1.082	0.203	0.182	0.253	0.175	0.162	0.142	0.227	0.262	1.654	1.656	1.712	1.606	1.6	1.545	1.644	1.515	0.419	0.914	1.167	0.909	0.664	0.714	1.461	1.319	0.152	0.215	0.227	0.199	0.172	0.147	0.29	0.263
32.5	1.619	1.617	1.541	1.508	1.579	1.451	1.551	1.61	0.524	0.806	1.159	0.89	0.484	0.823	1.4	1.186	0.194	0.208	0.284	0.171	0.17	0.155	0.298	0.225	1.399	1.563	1.577	1.53	1.47	1.421	1.494	1.537	0.342	0.598	1.112	0.828	0.563	0.465	1.344	1.095	0.206	0.182	0.251	0.175	0.165	0.141	0.228	0.263	1.656	1.651	1.709	1.614	1.608	1.549	1.648	1.518	0.423	0.937	1.194	0.924	0.679	0.725	1.467	1.334	0.152	0.215	0.225	0.204	0.169	0.149	0.292	0.26
32.75	1.605	1.608	1.538	1.508	1.581	1.449	1.554	1.608	0.527	0.822	1.177	0.9	0.486	0.825	1.392	1.196	0.194	0.21	0.288	0.174	0.169	0.156	0.303	0.225	1.396	1.541	1.568	1.538	1.476	1.409	1.48	1.546	0.344	0.605	1.125	0.846	0.578	0.47	1.348	1.105	0.205	0.184	0.252	0.175	0.165	0.141	0.23	0.263	1.653	1.656	1.709	1.615	1.606	1.544	1.642	1.527	0.426	0.946	1.206	0.944	0.682	0.743	1.456	1.343	0.151	0.215	0.229	0.201	0.169	0.15	0.293	0.265
33	1.626	1.617	1.545	1.511	1.583	1.461	1.556	1.6	0.533	0.834	1.189	0.92	0.488	0.833	1.414	1.207	0.195	0.21	0.291	0.172	0.169	0.155	0.309	0.227	1.396	1.54	1.564	1.533	1.47	1.42	1.492	1.533	0.347	0.617	1.136	0.861	0.58	0.476	1.34	1.116	0.207	0.185	0.252	0.175	0.166	0.141	0.231	0.263	1.652	1.647	1.707	1.612	1.598	1.543	1.643	1.517	0.431	0.96	1.226	0.95	0.694	0.742	1.462	1.37	0.152	0.217	0.229	0.204	0.17	0.149	0.297	0.271
33.25	1.624	1.619	1.544	1.505	1.582	1.45	1.554	1.614	0.541	0.847	1.192	0.928	0.499	0.842	1.404	1.218	0.196	0.211	0.289	0.173	0.17	0.157	0.302	0.226	1.396	1.551	1.572	1.532	1.473	1.419	1.494	1.559	0.352	0.629	1.15	0.872	0.592	0.48	1.338	1.127	0.207	0.186	0.255	0.178	0.164	0.143	0.23	0.263	1.654	1.654	1.706	1.61	1.601	1.546	1.642	1.523	0.436	0.977	1.235	0.969	0.708	0.753	1.463	1.376	0.152	0.218	0.228	0.206	0.174	0.147	0.304	0.268
33.5	1.612	1.611	1.538	1.509	1.579	1.448	1.555	1.617	0.544	0.855	1.204	0.939	0.501	0.847	1.405	1.231	0.198	0.212	0.293	0.173	0.17	0.156	0.306	0.232	1.396	1.553	1.577	1.537	1.468	1.416	1.482	1.552	0.356	0.639	1.165	0.894	0.603	0.487	1.348	1.134	0.207	0.185	0.258	0.179	0.165	0.142	0.231	0.263	1.651	1.653	1.704	1.609	1.61	1.54	1.638	1.533	0.435	0.978	1.246	0.98	0.72	0.763	1.468	1.374	0.154	0.221	0.231	0.204	0.172	0.149	0.303	0.272
33.75	1.602	1.612	1.538	1.512	1.582	1.463	1.557	1.612	0.548	0.865	1.224	0.957	0.503	0.871	1.397	1.244	0.197	0.214	0.296	0.174	0.17	0.157	0.309	0.229	1.399	1.563	1.572	1.53	1.482	1.428	1.5	1.536	0.359	0.651	1.186	0.909	0.608	0.494	1.329	1.142	0.209	0.188	0.255	0.177	0.167	0.141	0.234	0.266	1.653	1.65	1.703	1.608	1.605	1.546	1.647	1.523	0.444	1.009	1.282	1	0.724	0.772	1.464	1.393	0.154	0.221	0.231	0.208	0.173	0.148	0.309	0.27
34	1.61	1.617	1.542	1.509	1.581	1.46	1.546	1.609	0.553	0.87	1.227	0.968	0.507	0.878	1.398	1.247	0.198	0.213	0.298	0.175	0.17	0.157	0.317	0.233	1.397	1.557	1.581	1.534	1.477	1.417	1.496	1.535	0.363	0.663	1.207	0.927	0.613	0.506	1.328	1.169	0.208	0.187	0.26	0.179	0.167	0.143	0.238	0.269	1.655	1.652	1.713	1.619	1.609	1.547	1.646	1.522	0.449	1.02	1.291	1.02	0.733	0.778	1.468	1.395	0.153	0.222	0.236	0.206	0.175	0.149	0.308	0.275
34.25	1.603	1.615	1.539	1.508	1.581	1.456	1.556	1.599	0.56	0.883	1.235	0.989	0.513	0.883	1.393	1.255	0.199	0.216	0.299	0.176	0.171	0.155	0.322	0.231	1.394	1.555	1.573	1.54	1.471	1.412	1.488	1.532	0.364	0.673	1.215	0.939	0.624	0.509	1.34	1.165	0.209	0.188	0.263	0.18	0.166	0.142	0.238	0.266	1.655	1.651	1.705	1.615	1.604	1.542	1.645	1.508	0.451	1.044	1.305	1.035	0.747	0.793	1.473	1.411	0.153	0.223	0.235	0.208	0.175	0.148	0.312	0.277
34.5	1.618	1.621	1.545	1.511	1.589	1.456	1.558	1.609	0.568	0.901	1.256	1.004	0.518	0.898	1.395	1.276	0.198	0.216	0.298	0.175	0.171	0.158	0.315	0.231	1.392	1.546	1.567	1.532	1.468	1.415	1.486	1.538	0.371	0.684	1.231	0.956	0.636	0.511	1.334	1.189	0.21	0.189	0.262	0.179	0.168	0.141	0.239	0.272	1.653	1.651	1.711	1.614	1.614	1.543	1.652	1.519	0.455	1.047	1.306	1.046	0.756	0.8	1.472	1.422	0.154	0.223	0.235	0.21	0.174	0.147	0.313	0.273
34.75	1.622	1.618	1.543	1.509	1.583	1.457	1.559	1.61	0.575	0.913	1.266	1.018	0.523	0.907	1.392	1.282	0.199	0.217	0.301	0.176	0.17	0.156	0.325	0.238	1.4	1.556	1.573	1.54	1.482	1.414	1.488	1.535	0.375	0.7	1.238	0.968	0.651	0.515	1.34	1.196	0.211	0.189	0.265	0.182	0.168	0.142	0.241	0.269	1.656	1.658	1.711	1.615	1.61	1.548	1.648	1.519	0.462	1.072	1.329	1.064	0.766	0.816	1.465	1.422	0.155	0.226	0.236	0.206	0.177	0.149	0.313	0.278
35	1.622	1.619	1.546	1.514	1.58	1.464	1.559	1.612	0.576	0.926	1.275	1.024	0.53	0.91	1.409	1.286	0.2	0.217	0.299	0.175	0.173	0.156	0.33	0.234	1.399	1.563	1.579	1.544	1.477	1.419	1.488	1.542	0.376	0.71	1.256	0.992	0.655	0.523	1.345	1.21	0.212	0.189	0.265	0.181	0.168	0.143	0.236	0.272	1.657	1.655	1.708	1.612	1.609	1.546	1.65	1.527	0.464	1.096	1.345	1.078	0.775	0.819	1.468	1.44	0.156	0.228	0.239	0.209	0.174	0.149	0.317	0.274
35.25	1.616	1.615	1.537	1.513	1.587	1.456	1.559	1.611	0.581	0.938	1.287	1.043	0.528	0.93	1.387	1.321	0.2	0.22	0.305	0.177	0.171	0.156	0.332	0.233	1.398	1.549	1.572	1.539	1.48	1.417	1.487	1.546	0.382	0.716	1.263	1.002	0.661	0.529	1.33	1.251	0.213	0.19	0.266	0.181	0.169	0.142	0.239	0.276	1.657	1.657	1.705	1.617	1.606	1.55	1.648	1.524	0.469	1.107	1.362	1.09	0.787	0.828	1.467	1.438	0.154	0.228	0.239	0.21	0.176	0.148	0.323	0.274
35.5	1.605	1.6	1.531	1.513	1.58	1.449	1.554	1.61	0.592	0.956	1.286	1.057	0.54	0.929	1.411	1.289	0.2	0.221	0.304	0.176	0.174	0.156	0.331	0.231	1.396	1.556	1.571	1.538	1.474	1.41	1.49	1.532	0.383	0.733	1.291	1.021	0.673	0.533	1.349	1.23	0.213	0.192	0.267	0.184	0.17	0.141	0.246	0.278	1.655	1.653	1.71	1.616	1.607	1.548	1.653	1.519	0.474	1.122	1.371	1.109	0.798	0.84	1.472	1.449	0.156	0.229	0.239	0.213	0.177	0.148	0.325	0.276
35.75	1.625	1.623	1.551	1.518	1.589	1.464	1.558	1.61	0.594	0.969	1.297	1.063	0.545	0.939	1.401	1.294	0.203	0.22	0.308	0.179	0.172	0.158	0.327	0.236	1.402	1.565	1.577	1.543	1.475	1.426	1.493	1.532	0.388	0.747	1.314	1.029	0.679	0.541	1.352	1.235	0.213	0.192	0.271	0.185	0.168	0.142	0.244	0.274	1.654	1.657	1.709	1.615	1.608	1.548	1.649	1.512	0.479	1.131	1.387	1.123	0.805	0.851	1.466	1.449	0.157	0.231	0.241	0.212	0.177	0.147	0.326	0.281
36	1.625	1.617	1.541	1.503	1.579	1.462	1.56	1.609	0.599	0.978	1.291	1.076	0.547	0.942	1.407	1.3	0.201	0.221	0.305	0.177	0.173	0.156	0.334	0.24	1.397	1.55	1.573	1.544	1.478	1.415	1.494	1.526	0.393	0.753	1.309	1.055	0.69	0.549	1.336	1.25	0.214	0.193	0.27	0.185	0.17	0.142	0.248	0.275	1.661	1.659	1.707	1.613	1.608	1.553	1.649	1.516	0.485	1.164	1.4	1.137	0.816	0.852	1.471	1.444	0.155	0.231	0.24	0.214	0.18	0.147	0.329	0.286
36.25	1.615	1.615	1.539	1.514	1.585	1.456	1.565	1.609	0.607	0.997	1.301	1.092	0.549	0.951	1.413	1.301	0.203	0.221	0.309	0.179	0.174	0.157	0.332	0.238	1.394	1.566	1.58	1.553	1.476	1.42	1.491	1.535	0.397	0.767	1.314	1.066	0.705	0.547	1.344	1.255	0.214	0.193	0.272	0.184	0.17	0.142	0.244	0.278	1.657	1.658	1.709	1.615	1.611	1.544	1.651	1.519	0.49	1.172	1.41	1.155	0.827	0.861	1.468	1.458	0.155	0.232	0.242	0.212	0.18	0.147	0.332	0.278
36.5	1.602	1.612	1.531	1.519	1.581	1.458	1.557	1.615	0.61	1	1.308	1.104	0.551	0.974	1.397	1.312	0.203	0.224	0.308	0.178	0.174	0.156	0.339	0.242	1.399	1.547	1.569	1.534	1.476	1.421	1.486	1.546	0.398	0.784	1.351	1.087	0.709	0.562	1.326	1.257	0.215	0.194	0.274	0.186	0.172	0.141	0.251	0.278	1.661	1.657	1.711	1.615	1.61	1.558	1.656	1.523	0.496	1.19	1.431	1.159	0.834	0.867	1.475	1.466	0.155	0.23	0.242	0.215	0.18	0.148	0.335	0.288
36.75	1.619	1.632	1.555	1.511	1.591	1.458	1.559	1.616	0.62	1.02	1.305	1.12	0.562	0.972	1.409	1.3	0.205	0.223	0.311	0.179	0.173	0.158	0.337	0.242	1.405	1.585	1.582	1.537	1.476	1.423	1.496	1.543	0.405	0.797	1.353	1.101	0.719	0.561	1.358	1.256	0.216	0.195	0.276	0.189	0.171	0.143	0.247	0.28	1.661	1.655	1.708	1.619	1.61	1.547	1.656	1.521	0.498	1.199	1.437	1.178	0.844	0.886	1.462	1.452	0.156	0.234	0.244	0.216	0.177	0.147	0.337	0.285
37	1.619	1.616	1.545	1.515	1.584	1.451	1.562	1.607	0.623	1.033	1.309	1.131	0.565	0.982	1.408	1.303	0.205	0.225	0.31	0.18	0.175	0.156	0.346	0.239	1.403	1.562	1.581	1.544	1.472	1.427	1.5	1.543	0.408	0.813	1.376	1.111	0.731	0.563	1.353	1.265	0.216	0.196	0.274	0.186	0.172	0.141	0.254	0.279	1.659	1.66	1.709	1.615	1.609	1.555	1.649	1.517	0.505	1.226	1.446	1.187	0.86	0.885	1.472	1.475	0.157	0.236	0.247	0.217	0.178	0.148	0.338	0.289
37.25	1.62	1.619	1.542	1.508	1.591	1.463	1.558	1.615	0.628	1.043	1.315	1.138	0.568	0.992	1.415	1.312	0.206	0.225	0.318	0.181	0.173	0.157	0.353	0.24	1.396	1.558	1.575	1.545	1.48	1.433	1.502	1.549	0.412	0.821	1.385	1.131	0.738	0.578	1.328	1.273	0.218	0.197	0.275	0.187	0.172	0.141	0.253	0.283	1.657	1.657	1.71	1.62	1.616	1.545	1.649	1.539	0.511	1.225	1.457	1.203	0.872	0.912	1.464	1.462	0.157	0.235	0.245	0.218	0.179	0.148	0.346	0.283
37.5	1.63	1.631	1.551	1.519	1.586	1.465	1.559	1.618	0.635	1.063	1.317	1.153	0.574	0.999	1.409	1.314	0.206	0.226	0.315	0.182	0.174	0.158	0.347	0.242	1.396	1.549	1.569	1.543	1.484	1.425	1.496	1.546	0.413	0.841	1.408	1.137	0.751	0.579	1.351	1.265	0.218	0.195	0.275	0.188	0.171	0.142	0.251	0.283	1.661	1.66	1.711	1.62	1.612	1.546	1.647	1.526	0.514	1.262	1.475	1.216	0.88	0.909	1.467	1.451	0.157	0.236	0.245	0.22	0.182	0.147	0.345	0.287
37.75	1.62	1.625	1.543	1.513	1.586	1.456	1.56	1.615	0.64	1.062	1.319	1.167	0.574	1.017	1.393	1.315	0.206	0.228	0.315	0.181	0.176	0.156	0.354	0.245	1.397	1.56	1.572	1.54	1.477	1.415	1.487	1.548	0.42	0.851	1.411	1.16	0.754	0.59	1.326	1.276	0.218	0.197	0.279	0.188	0.172	0.142	0.253	0.284	1.663	1.659	1.708	1.617	1.616	1.551	1.657	1.524	0.517	1.276	1.48	1.229	0.892	0.919	1.468	1.479	0.158	0.24	0.25	0.217	0.183	0.147	0.349	0.291
38	1.599	1.606	1.537	1.517	1.59	1.461	1.562	1.618	0.643	1.067	1.317	1.177	0.579	1.019	1.408	1.312	0.208	0.226	0.318	0.183	0.175	0.158	0.35	0.246	1.398	1.54	1.57	1.542	1.471	1.414	1.49	1.547	0.421	0.86	1.422	1.176	0.772	0.597	1.329	1.273	0.218	0.198	0.281	0.19	0.173	0.141	0.26	0.281	1.661	1.66	1.714	1.619	1.61	1.553	1.655	1.522	0.521	1.258	1.48	1.251	0.898	0.932	1.464	1.467	0.16	0.242	0.249	0.217	0.183	0.148	0.351	0.29
38.25	1.609	1.624	1.545	1.52	1.586	1.463	1.563	1.623	0.65	1.087	1.321	1.188	0.583	1.041	1.392	1.312	0.206	0.229	0.32	0.183	0.175	0.157	0.361	0.248	1.401	1.574	1.58	1.545	1.474	1.429	1.494	1.544	0.427	0.866	1.417	1.196	0.78	0.596	1.336	1.26	0.221	0.199	0.28	0.189	0.173	0.142	0.255	0.285	1.663	1.657	1.709	1.62	1.615	1.549	1.653	1.524	0.524	1.269	1.479	1.246	0.909	0.941	1.465	1.453	0.158	0.242	0.253	0.218	0.181	0.148	0.351	0.293
38.5	1.625	1.621	1.545	1.522	1.596	1.466	1.562	1.62	0.657	1.101	1.316	1.189	0.588	1.039	1.415	1.324	0.207	0.229	0.321	0.184	0.175	0.158	0.358	0.25	1.402	1.57	1.568	1.539	1.475	1.426	1.495	1.55	0.432	0.884	1.432	1.209	0.787	0.605	1.328	1.274	0.221	0.199	0.281	0.192	0.171	0.143	0.255	0.285	1.661	1.66	1.71	1.619	1.617	1.553	1.656	1.532	0.529	1.288	1.489	1.264	0.921	0.956	1.466	1.477	0.161	0.245	0.255	0.22	0.181	0.147	0.362	0.298
38.75	1.598	1.614	1.54	1.511	1.586	1.455	1.558	1.617	0.66	1.106	1.314	1.204	0.599	1.037	1.413	1.313	0.209	0.232	0.321	0.185	0.176	0.157	0.368	0.247	1.399	1.523	1.563	1.539	1.47	1.408	1.492	1.542	0.434	0.895	1.434	1.223	0.801	0.606	1.34	1.278	0.221	0.201	0.279	0.19	0.174	0.142	0.257	0.29	1.663	1.657	1.706	1.621	1.612	1.553	1.661	1.519	0.534	1.295	1.493	1.278	0.936	0.962	1.464	1.476	0.159	0.242	0.249	0.225	0.185	0.146	0.366	0.293
39	1.627	1.631	1.547	1.521	1.588	1.461	1.555	1.617	0.666	1.111	1.313	1.205	0.6	1.058	1.402	1.307	0.209	0.232	0.324	0.185	0.176	0.158	0.362	0.246	1.402	1.567	1.573	1.547	1.474	1.412	1.492	1.539	0.437	0.914	1.455	1.228	0.809	0.62	1.348	1.274	0.222	0.201	0.284	0.19	0.174	0.141	0.26	0.29	1.663	1.659	1.71	1.614	1.613	1.558	1.659	1.529	0.541	1.319	1.492	1.278	0.95	0.971	1.466	1.454	0.161	0.246	0.254	0.224	0.184	0.145	0.366	0.291
39.25	1.617	1.618	1.546	1.521	1.587	1.459	1.559	1.618	0.676	1.136	1.308	1.216	0.606	1.058	1.42	1.315	0.211	0.234	0.32	0.183	0.178	0.157	0.364	0.249	1.402	1.549	1.566	1.537	1.477	1.418	1.504	1.531	0.442	0.926	1.453	1.245	0.821	0.624	1.335	1.278	0.222	0.202	0.285	0.194	0.175	0.142	0.265	0.292	1.664	1.662	1.713	1.622	1.61	1.556	1.657	1.517	0.545	1.339	1.501	1.302	0.958	0.972	1.473	1.472	0.159	0.245	0.255	0.226	0.18	0.146	0.364	0.298
39.5	1.623	1.631	1.55	1.521	1.584	1.463	1.568	1.614	0.679	1.14	1.311	1.222	0.611	1.064	1.414	1.321	0.211	0.232	0.326	0.186	0.176	0.158	0.366	0.248	1.403	1.546	1.567	1.543	1.48	1.42	1.496	1.532	0.446	0.934	1.459	1.267	0.83	0.63	1.341	1.288	0.223	0.202	0.287	0.195	0.174	0.143	0.26	0.294	1.661	1.659	1.711	1.622	1.613	1.559	1.657	1.521	0.548	1.333	1.495	1.3	0.97	0.989	1.462	1.462	0.159	0.246	0.255	0.226	0.182	0.147	0.368	0.294
39.75	1.627	1.631	1.553	1.521	1.59	1.464	1.564	1.62	0.686	1.141	1.309	1.224	0.614	1.08	1.404	1.33	0.209	0.235	0.33	0.186	0.176	0.158	0.374	0.252	1.4	1.559	1.573	1.54	1.478	1.429	1.495	1.549	0.448	0.942	1.461	1.275	0.839	0.638	1.326	1.292	0.223	0.204	0.291	0.197	0.174	0.142	0.27	0.292	1.664	1.66	1.713	1.622	1.614	1.555	1.655	1.532	0.554	1.343	1.504	1.313	0.983	0.988	1.472	1.466	0.162	0.25	0.257	0.225	0.184	0.147	0.368	0.298
40	1.625	1.629	1.548	1.521	1.584	1.463	1.56	1.618	0.688	1.151	1.319	1.23	0.621	1.084	1.415	1.328	0.211	0.234	0.326	0.186	0.176	0.159	0.373	0.251	1.402	1.538	1.568	1.545	1.477	1.421	1.493	1.535	0.454	0.955	1.463	1.289	0.852	0.646	1.335	1.288	0.225	0.203	0.289	0.194	0.175	0.142	0.264	0.295	1.664	1.659	1.712	1.621	1.606	1.551	1.656	1.526	0.559	1.329	1.5	1.318	0.989	0.996	1.467	1.468	0.161	0.249	0.259	0.228	0.184	0.146	0.376	0.3
40.25	1.608	1.617	1.544	1.525	1.59	1.457	1.555	1.621	0.694	1.142	1.31	1.232	0.627	1.092	1.404	1.317	0.211	0.236	0.332	0.187	0.177	0.157	0.378	0.253	1.403	1.57	1.577	1.538	1.467	1.415	1.492	1.546	0.456	0.969	1.462	1.306	0.858	0.651	1.336	1.277	0.225	0.204	0.291	0.198	0.176	0.143	0.266	0.295	1.663	1.663	1.711	1.621	1.614	1.552	1.658	1.521	0.565	1.343	1.498	1.325	0.996	1.004	1.461	1.481	0.162	0.25	0.257	0.228	0.187	0.147	0.381	0.299
40.5	1.624	1.623	1.542	1.522	1.588	1.455	1.557	1.617	0.7	1.162	1.319	1.236	0.629	1.097	1.419	1.329	0.215	0.234	0.325	0.187	0.178	0.158	0.377	0.254	1.398	1.547	1.574	1.551	1.476	1.43	1.495	1.545	0.462	0.984	1.458	1.308	0.878	0.652	1.348	1.276	0.226	0.206	0.288	0.197	0.176	0.141	0.273	0.294	1.664	1.664	1.714	1.624	1.614	1.558	1.658	1.534	0.57	1.352	1.498	1.322	1.009	1.01	1.468	1.463	0.163	0.253	0.26	0.228	0.187	0.148	0.378	0.304
40.75	1.621	1.619	1.548	1.529	1.593	1.471	1.566	1.623	0.706	1.168	1.321	1.239	0.634	1.112	1.42	1.312	0.213	0.237	0.33	0.186	0.179	0.157	0.382	0.256	1.397	1.558	1.571	1.537	1.472	1.417	1.496	1.543	0.468	0.993	1.46	1.326	0.889	0.662	1.333	1.267	0.225	0.207	0.29	0.198	0.177	0.141	0.272	0.296	1.668	1.663	1.71	1.62	1.619	1.555	1.657	1.529	0.574	1.34	1.498	1.324	1.027	1.028	1.466	1.463	0.164	0.256	0.265	0.228	0.184	0.147	0.386	0.308
41	1.619	1.619	1.548	1.522	1.586	1.458	1.56	1.613	0.714	1.171	1.312	1.241	0.638	1.111	1.408	1.325	0.215	0.237	0.331	0.188	0.178	0.157	0.392	0.255	1.401	1.526	1.567	1.538	1.475	1.417	1.498	1.538	0.469	1.011	1.469	1.332	0.898	0.675	1.324	1.29	0.226	0.207	0.294	0.2	0.176	0.142	0.27	0.298	1.665	1.664	1.714	1.627	1.621	1.559	1.656	1.521	0.581	1.36	1.51	1.332	1.028	1.032	1.46	1.47	0.164	0.256	0.264	0.227	0.185	0.147	0.381	0.301
41.25	1.624	1.623	1.549	1.521	1.584	1.464	1.566	1.619	0.716	1.162	1.314	1.243	0.644	1.126	1.409	1.315	0.214	0.239	0.337	0.189	0.177	0.158	0.391	0.255	1.4	1.568	1.579	1.544	1.467	1.415	1.488	1.534	0.474	1.017	1.472	1.347	0.911	0.681	1.331	1.28	0.226	0.208	0.293	0.199	0.176	0.141	0.273	0.298	1.664	1.67	1.714	1.622	1.614	1.558	1.652	1.519	0.583	1.356	1.503	1.337	1.041	1.032	1.469	1.461	0.164	0.257	0.263	0.232	0.186	0.147	0.389	0.303
41.5	1.62	1.621	1.545	1.523	1.588	1.455	1.562	1.622	0.724	1.178	1.328	1.245	0.644	1.135	1.403	1.321	0.213	0.239	0.333	0.19	0.178	0.157	0.393	0.255	1.399	1.557	1.573	1.543	1.477	1.423	1.49	1.546	0.48	1.031	1.457	1.358	0.919	0.686	1.341	1.283	0.226	0.208	0.298	0.202	0.175	0.142	0.275	0.302	1.664	1.66	1.709	1.623	1.619	1.561	1.657	1.529	0.589	1.352	1.502	1.336	1.056	1.054	1.466	1.465	0.163	0.256	0.266	0.232	0.186	0.147	0.392	0.297
41.75	1.626	1.626	1.544	1.512	1.588	1.468	1.569	1.621	0.728	1.188	1.319	1.244	0.653	1.141	1.411	1.32	0.216	0.238	0.332	0.19	0.178	0.157	0.39	0.258	1.402	1.543	1.569	1.548	1.475	1.421	1.5	1.551	0.48	1.045	1.477	1.367	0.93	0.696	1.337	1.277	0.228	0.21	0.296	0.202	0.178	0.141	0.279	0.303	1.667	1.666	1.712	1.624	1.61	1.551	1.653	1.526	0.593	1.353	1.506	1.334	1.062	1.058	1.464	1.467	0.163	0.256	0.265	0.234	0.187	0.146	0.397	0.308
42	1.612	1.618	1.543	1.521	1.589	1.465	1.561	1.619	0.73	1.176	1.329	1.246	0.653	1.156	1.407	1.305	0.214	0.241	0.338	0.189	0.179	0.156	0.401	0.258	1.4	1.562	1.575	1.546	1.48	1.42	1.492	1.541	0.489	1.051	1.466	1.381	0.942	0.701	1.333	1.278	0.227	0.21	0.3	0.201	0.178	0.141	0.281	0.305	1.661	1.662	1.713	1.625	1.612	1.552	1.658	1.519	0.601	1.355	1.504	1.33	1.073	1.065	1.464	1.479	0.164	0.26	0.269	0.234	0.186	0.147	0.395	0.308
42.25	1.616	1.627	1.55	1.524	1.597	1.469	1.566	1.62	0.738	1.18	1.321	1.254	0.656	1.158	1.395	1.318	0.217	0.24	0.333	0.19	0.178	0.157	0.403	0.26	1.404	1.557	1.574	1.539	1.483	1.421	1.495	1.537	0.493	1.06	1.468	1.39	0.955	0.708	1.336	1.282	0.23	0.21	0.299	0.204	0.179	0.142	0.278	0.301	1.666	1.663	1.712	1.623	1.618	1.551	1.658	1.524	0.606	1.366	1.508	1.336	1.089	1.077	1.462	1.476	0.164	0.258	0.269	0.235	0.187	0.146	0.401	0.309
42.5	1.625	1.63	1.548	1.528	1.59	1.466	1.566	1.626	0.74	1.179	1.325	1.245	0.661	1.17	1.405	1.334	0.217	0.24	0.334	0.19	0.178	0.158	0.393	0.262	1.402	1.552	1.569	1.544	1.483	1.421	1.503	1.55	0.494	1.071	1.475	1.398	0.963	0.713	1.331	1.278	0.23	0.211	0.299	0.203	0.178	0.142	0.277	0.304	1.663	1.666	1.708	1.622	1.616	1.553	1.662	1.537	0.61	1.364	1.503	1.336	1.097	1.083	1.467	1.474	0.165	0.262	0.268	0.237	0.19	0.145	0.407	0.312
42.75	1.618	1.621	1.545	1.524	1.585	1.463	1.561	1.618	0.749	1.178	1.324	1.259	0.671	1.175	1.397	1.32	0.217	0.241	0.338	0.191	0.179	0.158	0.399	0.266	1.4	1.56	1.578	1.551	1.482	1.427	1.496	1.53	0.498	1.097	1.48	1.392	0.979	0.715	1.35	1.28	0.232	0.213	0.297	0.204	0.179	0.14	0.284	0.301	1.669	1.667	1.708	1.617	1.619	1.554	1.657	1.515	0.613	1.362	1.502	1.324	1.113	1.083	1.463	1.474	0.165	0.262	0.267	0.238	0.189	0.146	0.408	0.317
43	1.621	1.622	1.543	1.52	1.584	1.466	1.568	1.625	0.754	1.183	1.315	1.25	0.677	1.173	1.407	1.326	0.218	0.244	0.333	0.19	0.181	0.156	0.403	0.266	1.401	1.525	1.569	1.547	1.471	1.417	1.495	1.55	0.507	1.097	1.464	1.403	0.99	0.723	1.343	1.278	0.232	0.213	0.298	0.203	0.179	0.141	0.281	0.303	1.666	1.666	1.714	1.626	1.616	1.554	1.66	1.529	0.62	1.361	1.508	1.339	1.118	1.09	1.47	1.466	0.166	0.262	0.272	0.235	0.189	0.147	0.406	0.311
43.25	1.599	1.612	1.54	1.525	1.588	1.466	1.568	1.621	0.759	1.178	1.325	1.248	0.679	1.183	1.412	1.316	0.218	0.244	0.338	0.191	0.181	0.156	0.413	0.262	1.4	1.573	1.581	1.542	1.483	1.421	1.495	1.545	0.507	1.098	1.463	1.407	1.003	0.735	1.333	1.272	0.231	0.214	0.301	0.206	0.179	0.142	0.283	0.308	1.666	1.662	1.71	1.62	1.619	1.555	1.66	1.528	0.624	1.376	1.507	1.335	1.123	1.103	1.463	1.475	0.165	0.264	0.272	0.24	0.189	0.146	0.416	0.31
43.5	1.62	1.622	1.553	1.528	1.593	1.476	1.573	1.626	0.764	1.185	1.317	1.25	0.688	1.19	1.406	1.328	0.219	0.244	0.337	0.19	0.18	0.156	0.407	0.265	1.404	1.553	1.568	1.54	1.474	1.423	1.503	1.548	0.509	1.127	1.475	1.407	1.01	0.74	1.354	1.289	0.233	0.217	0.3	0.206	0.181	0.141	0.288	0.308	1.667	1.668	1.711	1.62	1.616	1.564	1.661	1.53	0.629	1.369	1.506	1.339	1.137	1.107	1.462	1.469	0.165	0.265	0.272	0.237	0.189	0.148	0.409	0.316
43.75	1.615	1.622	1.543	1.522	1.585	1.459	1.569	1.626	0.771	1.192	1.313	1.251	0.687	1.192	1.411	1.315	0.22	0.245	0.34	0.193	0.18	0.158	0.406	0.265	1.403	1.552	1.575	1.548	1.477	1.422	1.494	1.537	0.517	1.127	1.473	1.412	1.017	0.755	1.332	1.281	0.233	0.218	0.3	0.208	0.182	0.14	0.288	0.31	1.666	1.666	1.711	1.625	1.62	1.565	1.664	1.528	0.631	1.364	1.497	1.335	1.148	1.115	1.465	1.452	0.167	0.272	0.278	0.237	0.193	0.147	0.419	0.315
44	1.616	1.623	1.541	1.522	1.591	1.47	1.568	1.627	0.771	1.182	1.333	1.254	0.692	1.206	1.412	1.329	0.221	0.246	0.337	0.192	0.181	0.156	0.417	0.269	1.402	1.556	1.578	1.542	1.482	1.43	1.501	1.553	0.519	1.134	1.468	1.42	1.035	0.751	1.341	1.277	0.233	0.217	0.305	0.209	0.181	0.141	0.293	0.309	1.668	1.667	1.718	1.622	1.619	1.565	1.663	1.525	0.638	1.375	1.509	1.339	1.158	1.112	1.466	1.472	0.167	0.269	0.275	0.241	0.191	0.144	0.424	0.318
44.25	1.605	1.625	1.547	1.523	1.593	1.471	1.564	1.622	0.78	1.194	1.333	1.254	0.696	1.212	1.4	1.321	0.22	0.246	0.342	0.194	0.181	0.157	0.414	0.264	1.404	1.543	1.572	1.543	1.489	1.429	1.504	1.547	0.526	1.139	1.472	1.415	1.043	0.761	1.354	1.273	0.234	0.218	0.302	0.209	0.18	0.142	0.286	0.315	1.667	1.667	1.716	1.627	1.627	1.565	1.664	1.527	0.644	1.369	1.5	1.343	1.163	1.121	1.472	1.46	0.167	0.269	0.277	0.237	0.193	0.147	0.419	0.314
44.5	1.629	1.626	1.539	1.516	1.596	1.457	1.569	1.625	0.784	1.188	1.312	1.248	0.709	1.211	1.403	1.32	0.222	0.248	0.337	0.193	0.182	0.156	0.421	0.267	1.406	1.578	1.581	1.538	1.483	1.429	1.5	1.543	0.528	1.142	1.468	1.414	1.05	0.765	1.338	1.282	0.234	0.22	0.304	0.209	0.182	0.141	0.297	0.31	1.667	1.671	1.708	1.622	1.619	1.561	1.659	1.525	0.647	1.368	1.501	1.345	1.177	1.131	1.464	1.475	0.168	0.271	0.275	0.244	0.192	0.144	0.433	0.317
44.75	1.634	1.632	1.545	1.53	1.591	1.466	1.575	1.626	0.793	1.193	1.326	1.254	0.711	1.22	1.417	1.326	0.223	0.247	0.341	0.194	0.181	0.157	0.415	0.271	1.404	1.548	1.569	1.549	1.48	1.433	1.502	1.549	0.53	1.149	1.471	1.412	1.06	0.774	1.341	1.269	0.235	0.221	0.304	0.211	0.183	0.14	0.297	0.309	1.67	1.666	1.714	1.627	1.617	1.555	1.662	1.535	0.652	1.366	1.503	1.339	1.187	1.144	1.457	1.47	0.168	0.274	0.281	0.242	0.193	0.146	0.429	0.323
45	1.617	1.619	1.54	1.526	1.586	1.458	1.565	1.627	0.796	1.172	1.314	1.255	0.718	1.231	1.406	1.325	0.222	0.25	0.339	0.193	0.182	0.156	0.423	0.27	1.403	1.533	1.571	1.549	1.484	1.435	1.509	1.547	0.534	1.149	1.473	1.417	1.057	0.787	1.346	1.278	0.233	0.221	0.307	0.211	0.182	0.14	0.298	0.313	1.668	1.663	1.711	1.625	1.618	1.56	1.662	1.532	0.657	1.374	1.512	1.339	1.197	1.147	1.472	1.462	0.168	0.273	0.278	0.243	0.195	0.144	0.434	0.319
45.25	1.636	1.641	1.554	1.521	1.592	1.467	1.57	1.624	0.799	1.177	1.313	1.259	0.72	1.234	1.404	1.324	0.222	0.251	0.347	0.196	0.181	0.156	0.429	0.269	1.406	1.578	1.582	1.553	1.482	1.429	1.497	1.552	0.541	1.153	1.476	1.417	1.072	0.797	1.331	1.291	0.237	0.222	0.308	0.212	0.183	0.14	0.299	0.318	1.671	1.669	1.714	1.625	1.619	1.563	1.66	1.531	0.664	1.38	1.502	1.34	1.203	1.144	1.465	1.473	0.167	0.274	0.282	0.243	0.192	0.147	0.434	0.325
45.5	1.615	1.621	1.546	1.531	1.589	1.47	1.568	1.623	0.804	1.181	1.329	1.257	0.72	1.248	1.397	1.313	0.223	0.25	0.349	0.196	0.181	0.157	0.434	0.268	1.407	1.562	1.575	1.548	1.49	1.42	1.497	1.541	0.544	1.154	1.473	1.418	1.089	0.804	1.342	1.274	0.236	0.223	0.311	0.214	0.182	0.14	0.302	0.316	1.667	1.669	1.712	1.628	1.62	1.562	1.664	1.529	0.67	1.369	1.505	1.333	1.218	1.162	1.465	1.478	0.167	0.275	0.283	0.244	0.193	0.147	0.433	0.324
45.75	1.619	1.624	1.55	1.523	1.59	1.467	1.566	1.629	0.808	1.19	1.319	1.256	0.729	1.251	1.405	1.315	0.224	0.252	0.344	0.196	0.182	0.156	0.439	0.272	1.408	1.551	1.58	1.547	1.478	1.428	1.499	1.545	0.551	1.158	1.47	1.417	1.101	0.807	1.341	1.281	0.236	0.223	0.312	0.216	0.183	0.141	0.295	0.318	1.668	1.663	1.712	1.627	1.619	1.558	1.66	1.53	0.673	1.369	1.499	1.342	1.226	1.16	1.459	1.47	0.167	0.274	0.283	0.246	0.192	0.145	0.438	0.323
46	1.636	1.643	1.56	1.521	1.596	1.476	1.575	1.625	0.813	1.179	1.319	1.253	0.736	1.25	1.421	1.319	0.224	0.25	0.347	0.195	0.183	0.157	0.428	0.274	1.402	1.552	1.574	1.539	1.483	1.431	1.502	1.545	0.553	1.151	1.464	1.419	1.106	0.817	1.335	1.285	0.237	0.224	0.312	0.216	0.182	0.141	0.303	0.317	1.671	1.671	1.715	1.626	1.626	1.566	1.662	1.526	0.681	1.393	1.506	1.343	1.23	1.158	1.475	1.469	0.169	0.276	0.282	0.248	0.194	0.147	0.446	0.326
46.25	1.622	1.626	1.542	1.526	1.598	1.47	1.57	1.627	0.817	1.176	1.317	1.257	0.736	1.254	1.403	1.326	0.224	0.254	0.344	0.196	0.183	0.156	0.433	0.271	1.407	1.569	1.573	1.543	1.483	1.432	1.507	1.546	0.554	1.159	1.478	1.42	1.112	0.828	1.339	1.287	0.239	0.225	0.312	0.214	0.184	0.14	0.296	0.318	1.668	1.669	1.708	1.627	1.615	1.559	1.665	1.527	0.683	1.369	1.501	1.335	1.24	1.178	1.461	1.464	0.171	0.281	0.285	0.247	0.195	0.145	0.451	0.322
46.5	1.63	1.631	1.548	1.531	1.589	1.47	1.565	1.623	0.821	1.182	1.329	1.262	0.738	1.259	1.399	1.327	0.224	0.255	0.344	0.196	0.183	0.156	0.436	0.274	1.405	1.569	1.579	1.541	1.485	1.434	1.503	1.548	0.562	1.159	1.471	1.42	1.135	0.825	1.356	1.289	0.239	0.226	0.314	0.219	0.183	0.141	0.301	0.322	1.673	1.673	1.715	1.627	1.629	1.569	1.669	1.534	0.687	1.377	1.501	1.339	1.244	1.179	1.467	1.469	0.17	0.279	0.282	0.253	0.195	0.145	0.453	0.328
46.75	1.63	1.629	1.54	1.519	1.597	1.47	1.57	1.625	0.831	1.192	1.316	1.256	0.749	1.259	1.409	1.323	0.225	0.254	0.348	0.197	0.182	0.157	0.434	0.277	1.406	1.565	1.575	1.544	1.476	1.432	1.502	1.545	0.563	1.165	1.475	1.414	1.137	0.833	1.349	1.282	0.238	0.227	0.315	0.217	0.184	0.14	0.309	0.318	1.671	1.669	1.711	1.627	1.619	1.56	1.664	1.533	0.695	1.372	1.498	1.341	1.256	1.183	1.465	1.469	0.169	0.279	0.285	0.252	0.193	0.145	0.454	0.328
47	1.62	1.629	1.55	1.53	1.593	1.463	1.567	1.63	0.832	1.182	1.332	1.259	0.75	1.281	1.406	1.32	0.225	0.255	0.349	0.196	0.183	0.156	0.435	0.274	1.405	1.551	1.577	1.555	1.485	1.441	1.502	1.542	0.568	1.161	1.479	1.413	1.149	0.839	1.352	1.28	0.239	0.228	0.317	0.22	0.183	0.141	0.302	0.324	1.674	1.668	1.711	1.631	1.62	1.561	1.664	1.522	0.696	1.356	1.496	1.343	1.262	1.203	1.462	1.474	0.169	0.28	0.287	0.252	0.192	0.146	0.456	0.328
47.25	1.608	1.629	1.548	1.524	1.599	1.471	1.569	1.627	0.84	1.194	1.328	1.258	0.76	1.285	1.397	1.309	0.225	0.256	0.351	0.199	0.184	0.157	0.439	0.274	1.406	1.569	1.575	1.548	1.488	1.429	1.508	1.542	0.574	1.171	1.478	1.422	1.156	0.855	1.336	1.286	0.24	0.227	0.315	0.218	0.184	0.141	0.302	0.325	1.669	1.673	1.711	1.628	1.624	1.566	1.663	1.529	0.703	1.374	1.501	1.346	1.267	1.203	1.458	1.468	0.171	0.284	0.286	0.251	0.197	0.144	0.463	0.328
47.5	1.628	1.634	1.548	1.539	1.589	1.473	1.571	1.628	0.843	1.186	1.324	1.256	0.763	1.276	1.411	1.323	0.227	0.255	0.351	0.2	0.182	0.157	0.442	0.28	1.41	1.567	1.574	1.55	1.485	1.427	1.501	1.545	0.58	1.163	1.472	1.421	1.16	0.859	1.339	1.283	0.239	0.228	0.319	0.221	0.183	0.14	0.312	0.324	1.673	1.676	1.713	1.625	1.626	1.568	1.669	1.528	0.708	1.384	1.503	1.334	1.271	1.2	1.468	1.466	0.171	0.283	0.287	0.252	0.196	0.144	0.466	0.334
47.75	1.63	1.633	1.547	1.527	1.592	1.48	1.576	1.631	0.847	1.18	1.31	1.257	0.774	1.28	1.411	1.322	0.225	0.258	0.352	0.199	0.184	0.155	0.452	0.278	1.403	1.549	1.573	1.544	1.487	1.425	1.493	1.551	0.583	1.155	1.462	1.425	1.172	0.866	1.336	1.292	0.243	0.23	0.319	0.221	0.185	0.14	0.313	0.325	1.673	1.674	1.71	1.627	1.618	1.563	1.666	1.535	0.711	1.365	1.499	1.342	1.278	1.212	1.459	1.464	0.172	0.286	0.286	0.253	0.197	0.141	0.476	0.33
48	1.618	1.62	1.545	1.524	1.594	1.471	1.573	1.625	0.853	1.201	1.336	1.252	0.776	1.281	1.419	1.319	0.226	0.259	0.353	0.2	0.182	0.157	0.449	0.277	1.407	1.576	1.575	1.553	1.49	1.425	1.499	1.536	0.583	1.156	1.475	1.42	1.172	0.874	1.345	1.283	0.24	0.23	0.32	0.224	0.184	0.141	0.309	0.329	1.673	1.667	1.719	1.626	1.62	1.563	1.667	1.529	0.717	1.373	1.502	1.342	1.284	1.218	1.462	1.471	0.173	0.289	0.29	0.25	0.198	0.146	0.465	0.328
48.25	1.619	1.625	1.545	1.523	1.599	1.47	1.573	1.627	0.857	1.186	1.322	1.257	0.783	1.292	1.418	1.321	0.227	0.259	0.353	0.201	0.182	0.157	0.447	0.278	1.407	1.524	1.571	1.546	1.483	1.425	1.507	1.543	0.591	1.166	1.472	1.422	1.183	0.883	1.334	1.275	0.242	0.231	0.321	0.223	0.184	0.141	0.312	0.324	1.672	1.669	1.715	1.63	1.621	1.566	1.667	1.529	0.719	1.368	1.506	1.338	1.293	1.225	1.467	1.47	0.172	0.287	0.289	0.254	0.199	0.144	0.474	0.335