strain	YMD5096	YMD5097	YMD5098	YMD5096	YMD5097	YMD5098	YMD5096	YMD5097	YMD5098	YMD5096	YMD5097	YMD5098	YMD5096	YMD5097	YMD5098	YMD5096	YMD5097	YMD5098	YMD5096	YMD5097	YMD5098	YMD5096	YMD5097	YMD5098	YMD5096	YMD5097	YMD5098	YMD4681	YMD4681	YMD4681	YMD4681	YMD4681	YMD4681	YMD4681	YMD4681	YMD4684	YMD4684	YMD4684	YMD4684	YMD4684	YMD4684	YMD4684	YMD4684
genotype	WT	PDR1 F749I	PDR3 T949A	WT	PDR1 F749I	PDR3 T949A	WT	PDR1 F749I	PDR3 T949A	WT	PDR1 F749I	PDR3 T949A	WT	PDR1 F749I	PDR3 T949A	WT	PDR1 F749I	PDR3 T949A	WT	PDR1 F749I	PDR3 T949A	WT	PDR1 F749I	PDR3 T949A	WT	PDR1 F749I	PDR3 T949A	PDR1 G280A	PDR1 G280A	PDR1 G280A	PDR1 G280A	PDR1 G280A	PDR1 G280A	PDR1 G280A	PDR1 G280A	PDR1 L1056H	PDR1 L1056H	PDR1 L1056H	PDR1 L1056H	PDR1 L1056H	PDR1 L1056H	PDR1 L1056H	PDR1 L1056H
replicate	1	1	1	1	1	1	1	1	1	2	2	2	2	2	2	2	2	2	3	3	3	3	3	3	3	3	3	1	1	1	2	2	2	3	3	1	1	1	2	2	2	3	3
condition	0	0	0	20	20	20	40	40	40	0	0	0	20	20	20	40	40	40	0	0	0	20	20	20	40	40	40	20	40	0	0	20	40	20	40	20	40	0	0	20	40	20	40
0.25	0.12	0.11	0.113	0.13	0.114	0.115	0.124	0.115	0.116	0.117	0.117	0.115	0.121	0.126	0.113	0.122	0.125	0.112	0.116	0.113	0.111	0.115	0.112	0.112	0.11	0.111	0.111	0.111	0.116	0.132	0.126	0.129	0.122	0.102	0.102	0.114	0.115	0.137	0.126	0.124	0.118	0.103	0.106
0.5	0.122	0.11	0.111	0.134	0.115	0.118	0.128	0.117	0.121	0.118	0.117	0.113	0.126	0.13	0.117	0.126	0.129	0.116	0.117	0.114	0.111	0.118	0.115	0.117	0.113	0.114	0.114	0.111	0.115	0.135	0.126	0.124	0.12	0.103	0.105	0.115	0.116	0.137	0.125	0.125	0.121	0.104	0.106
0.75	0.123	0.11	0.112	0.138	0.116	0.119	0.132	0.12	0.125	0.119	0.119	0.114	0.13	0.133	0.121	0.131	0.133	0.119	0.118	0.115	0.112	0.122	0.116	0.122	0.118	0.116	0.117	0.111	0.115	0.137	0.128	0.126	0.122	0.103	0.105	0.115	0.118	0.139	0.125	0.128	0.123	0.104	0.108
1	0.123	0.112	0.114	0.141	0.119	0.122	0.135	0.122	0.126	0.122	0.12	0.117	0.133	0.136	0.126	0.133	0.136	0.122	0.12	0.117	0.113	0.127	0.118	0.126	0.12	0.117	0.119	0.112	0.116	0.141	0.129	0.13	0.123	0.104	0.106	0.118	0.12	0.143	0.126	0.13	0.126	0.105	0.109
1.25	0.125	0.113	0.115	0.144	0.12	0.124	0.138	0.123	0.127	0.126	0.122	0.117	0.135	0.138	0.129	0.135	0.14	0.123	0.123	0.118	0.115	0.131	0.12	0.13	0.124	0.118	0.122	0.112	0.116	0.145	0.131	0.131	0.126	0.105	0.106	0.119	0.122	0.147	0.132	0.132	0.127	0.106	0.109
1.5	0.129	0.114	0.116	0.145	0.123	0.127	0.14	0.125	0.129	0.129	0.124	0.12	0.138	0.14	0.131	0.137	0.142	0.126	0.124	0.12	0.116	0.134	0.121	0.132	0.125	0.12	0.123	0.113	0.117	0.149	0.133	0.131	0.127	0.105	0.106	0.12	0.124	0.151	0.135	0.134	0.128	0.107	0.111
1.75	0.133	0.116	0.118	0.147	0.123	0.128	0.142	0.127	0.131	0.133	0.127	0.122	0.139	0.141	0.133	0.138	0.143	0.127	0.128	0.123	0.118	0.136	0.123	0.133	0.127	0.122	0.124	0.113	0.116	0.153	0.136	0.132	0.126	0.105	0.105	0.122	0.124	0.157	0.134	0.137	0.128	0.107	0.111
2	0.137	0.118	0.12	0.148	0.124	0.129	0.141	0.127	0.132	0.138	0.13	0.125	0.141	0.141	0.135	0.138	0.144	0.129	0.131	0.125	0.12	0.138	0.123	0.134	0.128	0.122	0.126	0.113	0.117	0.158	0.139	0.132	0.127	0.106	0.106	0.122	0.125	0.161	0.135	0.136	0.128	0.108	0.113
2.25	0.143	0.12	0.123	0.148	0.125	0.13	0.141	0.127	0.132	0.144	0.133	0.128	0.139	0.143	0.136	0.139	0.145	0.13	0.135	0.127	0.122	0.137	0.123	0.134	0.128	0.124	0.126	0.113	0.117	0.165	0.142	0.133	0.126	0.106	0.107	0.123	0.126	0.165	0.14	0.136	0.13	0.109	0.114
2.5	0.148	0.122	0.125	0.145	0.126	0.13	0.143	0.13	0.134	0.151	0.136	0.132	0.14	0.143	0.136	0.139	0.146	0.131	0.14	0.131	0.126	0.137	0.123	0.133	0.13	0.125	0.127	0.113	0.117	0.171	0.148	0.132	0.126	0.106	0.106	0.125	0.125	0.171	0.142	0.136	0.128	0.11	0.112
2.75	0.156	0.125	0.129	0.144	0.126	0.131	0.142	0.131	0.134	0.158	0.142	0.136	0.139	0.142	0.137	0.139	0.145	0.132	0.146	0.135	0.13	0.137	0.123	0.133	0.129	0.125	0.128	0.114	0.117	0.181	0.152	0.133	0.126	0.106	0.107	0.125	0.127	0.177	0.145	0.136	0.128	0.11	0.114
3	0.163	0.128	0.132	0.146	0.126	0.131	0.141	0.131	0.134	0.168	0.147	0.141	0.14	0.141	0.138	0.139	0.146	0.132	0.152	0.14	0.134	0.137	0.123	0.132	0.129	0.126	0.129	0.114	0.117	0.19	0.158	0.132	0.128	0.107	0.107	0.125	0.128	0.184	0.149	0.136	0.128	0.11	0.113
3.25	0.172	0.132	0.137	0.144	0.126	0.132	0.142	0.131	0.136	0.178	0.153	0.147	0.139	0.141	0.138	0.14	0.146	0.133	0.158	0.143	0.137	0.138	0.124	0.134	0.129	0.126	0.128	0.115	0.117	0.201	0.163	0.133	0.128	0.107	0.106	0.125	0.13	0.191	0.155	0.136	0.13	0.111	0.112
3.5	0.181	0.135	0.142	0.146	0.126	0.132	0.141	0.131	0.134	0.189	0.16	0.154	0.139	0.142	0.137	0.137	0.146	0.133	0.166	0.148	0.142	0.138	0.123	0.135	0.129	0.127	0.129	0.116	0.118	0.212	0.17	0.134	0.127	0.107	0.106	0.127	0.127	0.198	0.158	0.137	0.128	0.111	0.114
3.75	0.193	0.14	0.148	0.147	0.127	0.133	0.141	0.132	0.136	0.204	0.165	0.162	0.139	0.142	0.139	0.138	0.146	0.134	0.175	0.154	0.148	0.139	0.123	0.135	0.13	0.127	0.129	0.117	0.117	0.225	0.176	0.134	0.127	0.108	0.106	0.128	0.128	0.208	0.162	0.137	0.129	0.111	0.115
4	0.206	0.146	0.154	0.149	0.128	0.134	0.141	0.132	0.135	0.217	0.176	0.17	0.141	0.142	0.14	0.139	0.145	0.133	0.186	0.161	0.155	0.14	0.124	0.136	0.131	0.126	0.13	0.118	0.118	0.239	0.189	0.136	0.127	0.109	0.106	0.128	0.129	0.219	0.169	0.137	0.129	0.112	0.114
4.25	0.22	0.149	0.161	0.148	0.128	0.135	0.14	0.131	0.135	0.235	0.182	0.18	0.142	0.142	0.141	0.139	0.146	0.133	0.196	0.167	0.162	0.14	0.125	0.138	0.13	0.126	0.13	0.118	0.118	0.259	0.199	0.138	0.127	0.109	0.107	0.129	0.13	0.231	0.175	0.138	0.129	0.112	0.115
4.5	0.236	0.156	0.168	0.15	0.129	0.136	0.141	0.131	0.134	0.253	0.192	0.191	0.141	0.142	0.141	0.138	0.146	0.133	0.209	0.175	0.169	0.141	0.126	0.139	0.131	0.126	0.131	0.12	0.118	0.274	0.21	0.14	0.128	0.109	0.107	0.131	0.127	0.242	0.183	0.138	0.128	0.113	0.114
4.75	0.253	0.163	0.176	0.151	0.129	0.137	0.141	0.132	0.135	0.273	0.204	0.201	0.142	0.143	0.142	0.139	0.145	0.133	0.222	0.183	0.177	0.142	0.126	0.14	0.13	0.127	0.129	0.121	0.119	0.296	0.22	0.142	0.126	0.11	0.106	0.131	0.128	0.259	0.191	0.139	0.131	0.113	0.113
5	0.273	0.17	0.186	0.15	0.131	0.138	0.141	0.131	0.135	0.297	0.217	0.213	0.141	0.144	0.142	0.138	0.146	0.133	0.238	0.192	0.187	0.142	0.126	0.142	0.131	0.127	0.13	0.122	0.119	0.32	0.236	0.144	0.127	0.111	0.107	0.132	0.129	0.276	0.198	0.139	0.129	0.113	0.115
5.25	0.296	0.178	0.197	0.153	0.132	0.139	0.14	0.131	0.135	0.327	0.231	0.229	0.142	0.145	0.143	0.139	0.145	0.133	0.255	0.203	0.198	0.143	0.127	0.144	0.13	0.128	0.129	0.123	0.12	0.342	0.252	0.146	0.129	0.111	0.107	0.132	0.128	0.292	0.207	0.139	0.131	0.114	0.114
5.5	0.324	0.187	0.21	0.155	0.132	0.14	0.14	0.131	0.135	0.355	0.247	0.243	0.143	0.146	0.143	0.138	0.145	0.134	0.275	0.214	0.21	0.143	0.128	0.145	0.131	0.127	0.129	0.125	0.12	0.373	0.268	0.148	0.128	0.112	0.106	0.133	0.127	0.314	0.221	0.141	0.129	0.114	0.114
5.75	0.351	0.197	0.223	0.156	0.134	0.141	0.14	0.132	0.136	0.388	0.263	0.264	0.144	0.146	0.145	0.14	0.146	0.133	0.297	0.226	0.224	0.144	0.129	0.147	0.13	0.128	0.13	0.126	0.12	0.4	0.29	0.151	0.127	0.113	0.107	0.132	0.128	0.337	0.229	0.141	0.131	0.115	0.115
6	0.385	0.207	0.24	0.158	0.135	0.142	0.14	0.131	0.136	0.424	0.281	0.284	0.144	0.147	0.145	0.139	0.145	0.133	0.322	0.24	0.239	0.146	0.13	0.149	0.131	0.127	0.13	0.127	0.12	0.437	0.311	0.155	0.127	0.114	0.107	0.135	0.129	0.366	0.246	0.143	0.13	0.115	0.115
6.25	0.42	0.221	0.254	0.158	0.136	0.144	0.14	0.131	0.135	0.464	0.302	0.306	0.145	0.148	0.146	0.14	0.145	0.134	0.35	0.254	0.257	0.147	0.131	0.151	0.131	0.127	0.132	0.129	0.121	0.467	0.33	0.156	0.13	0.115	0.107	0.135	0.128	0.392	0.259	0.144	0.13	0.115	0.114
6.5	0.452	0.237	0.274	0.16	0.138	0.145	0.141	0.131	0.135	0.504	0.323	0.333	0.147	0.149	0.148	0.138	0.145	0.134	0.374	0.271	0.274	0.148	0.133	0.154	0.131	0.128	0.131	0.13	0.121	0.5	0.358	0.16	0.13	0.116	0.107	0.137	0.129	0.42	0.276	0.145	0.132	0.115	0.115
6.75	0.498	0.251	0.294	0.161	0.14	0.148	0.142	0.132	0.137	0.55	0.346	0.362	0.147	0.15	0.15	0.139	0.146	0.135	0.406	0.29	0.295	0.149	0.134	0.156	0.131	0.128	0.131	0.132	0.122	0.541	0.387	0.164	0.129	0.117	0.107	0.138	0.128	0.451	0.294	0.145	0.129	0.117	0.116
7	0.54	0.269	0.318	0.164	0.141	0.149	0.141	0.131	0.137	0.594	0.373	0.387	0.148	0.152	0.151	0.139	0.145	0.134	0.441	0.309	0.315	0.15	0.136	0.158	0.131	0.128	0.131	0.134	0.122	0.576	0.416	0.168	0.13	0.119	0.107	0.137	0.129	0.486	0.315	0.147	0.132	0.117	0.114
7.25	0.586	0.286	0.343	0.165	0.144	0.151	0.142	0.13	0.136	0.643	0.399	0.425	0.15	0.153	0.153	0.139	0.145	0.135	0.477	0.332	0.342	0.151	0.137	0.16	0.132	0.129	0.132	0.136	0.123	0.623	0.452	0.173	0.13	0.12	0.108	0.139	0.128	0.522	0.337	0.149	0.131	0.117	0.115
7.5	0.638	0.308	0.372	0.167	0.146	0.154	0.141	0.131	0.138	0.697	0.427	0.462	0.152	0.154	0.154	0.139	0.144	0.136	0.516	0.359	0.369	0.152	0.138	0.163	0.132	0.129	0.133	0.138	0.123	0.658	0.482	0.174	0.132	0.122	0.108	0.14	0.13	0.559	0.356	0.148	0.132	0.117	0.116
7.75	0.688	0.331	0.399	0.168	0.148	0.153	0.141	0.131	0.138	0.747	0.46	0.496	0.152	0.156	0.156	0.14	0.145	0.136	0.553	0.383	0.396	0.154	0.14	0.165	0.132	0.128	0.134	0.14	0.124	0.702	0.521	0.181	0.133	0.123	0.109	0.143	0.129	0.598	0.384	0.15	0.13	0.119	0.115
8	0.737	0.359	0.437	0.17	0.149	0.157	0.141	0.13	0.139	0.804	0.49	0.534	0.153	0.159	0.156	0.139	0.144	0.136	0.596	0.41	0.427	0.155	0.142	0.169	0.133	0.128	0.133	0.142	0.125	0.754	0.559	0.185	0.132	0.125	0.109	0.142	0.129	0.637	0.411	0.152	0.132	0.12	0.115
8.25	0.792	0.387	0.471	0.171	0.152	0.158	0.142	0.131	0.138	0.859	0.527	0.575	0.155	0.16	0.159	0.14	0.146	0.136	0.644	0.442	0.459	0.156	0.144	0.171	0.132	0.13	0.133	0.145	0.125	0.795	0.595	0.189	0.135	0.127	0.11	0.143	0.129	0.683	0.447	0.154	0.135	0.12	0.116
8.5	0.848	0.419	0.502	0.174	0.155	0.16	0.141	0.132	0.138	0.911	0.568	0.62	0.156	0.161	0.159	0.14	0.145	0.136	0.683	0.472	0.494	0.158	0.146	0.174	0.132	0.13	0.134	0.148	0.126	0.837	0.641	0.196	0.135	0.129	0.11	0.146	0.13	0.721	0.476	0.156	0.132	0.121	0.116
8.75	0.908	0.445	0.549	0.176	0.157	0.162	0.143	0.132	0.138	0.965	0.603	0.664	0.156	0.164	0.161	0.14	0.146	0.136	0.732	0.509	0.536	0.159	0.148	0.177	0.132	0.13	0.133	0.15	0.126	0.891	0.687	0.201	0.136	0.131	0.111	0.146	0.13	0.772	0.507	0.157	0.132	0.122	0.117
9	0.966	0.479	0.588	0.179	0.16	0.164	0.143	0.132	0.14	1.022	0.644	0.709	0.158	0.167	0.162	0.139	0.145	0.137	0.778	0.542	0.571	0.161	0.15	0.18	0.132	0.13	0.134	0.152	0.128	0.935	0.731	0.209	0.135	0.132	0.111	0.149	0.13	0.816	0.55	0.159	0.134	0.123	0.116
9.25	1.019	0.517	0.631	0.181	0.162	0.167	0.142	0.132	0.139	1.082	0.684	0.762	0.161	0.169	0.164	0.14	0.147	0.138	0.829	0.581	0.611	0.162	0.153	0.184	0.131	0.13	0.134	0.157	0.128	0.976	0.785	0.216	0.136	0.134	0.111	0.152	0.13	0.852	0.582	0.16	0.132	0.124	0.116
9.5	1.083	0.549	0.678	0.183	0.164	0.17	0.141	0.131	0.139	1.135	0.72	0.819	0.162	0.17	0.167	0.14	0.146	0.137	0.879	0.621	0.654	0.164	0.155	0.188	0.132	0.131	0.135	0.16	0.129	1.025	0.827	0.224	0.138	0.137	0.112	0.152	0.13	0.902	0.619	0.162	0.137	0.125	0.117
9.75	1.134	0.596	0.719	0.185	0.169	0.171	0.142	0.131	0.14	1.187	0.766	0.867	0.163	0.173	0.168	0.14	0.147	0.138	0.93	0.662	0.696	0.166	0.158	0.191	0.132	0.13	0.135	0.162	0.13	1.066	0.874	0.228	0.141	0.14	0.112	0.152	0.131	0.939	0.676	0.164	0.133	0.126	0.117
10	1.189	0.644	0.768	0.187	0.172	0.174	0.142	0.132	0.138	1.238	0.809	0.915	0.164	0.176	0.17	0.14	0.146	0.139	0.98	0.703	0.74	0.168	0.161	0.195	0.132	0.132	0.135	0.166	0.131	1.112	0.925	0.234	0.141	0.142	0.112	0.154	0.13	0.986	0.713	0.167	0.135	0.127	0.117
10.25	1.243	0.683	0.815	0.191	0.176	0.176	0.142	0.132	0.14	1.288	0.854	0.973	0.166	0.179	0.171	0.14	0.146	0.138	1.034	0.746	0.787	0.168	0.163	0.198	0.132	0.132	0.135	0.171	0.132	1.165	0.979	0.248	0.141	0.145	0.112	0.157	0.13	1.036	0.749	0.168	0.136	0.128	0.116
10.5	1.293	0.73	0.866	0.193	0.178	0.18	0.143	0.132	0.139	1.334	0.9	1.023	0.167	0.182	0.173	0.14	0.147	0.14	1.079	0.793	0.836	0.171	0.166	0.203	0.134	0.131	0.137	0.175	0.133	1.202	1.025	0.255	0.142	0.148	0.113	0.158	0.132	1.068	0.797	0.172	0.134	0.13	0.117
10.75	1.345	0.773	0.914	0.194	0.183	0.183	0.143	0.133	0.14	1.383	0.937	1.077	0.169	0.185	0.175	0.14	0.147	0.141	1.131	0.838	0.882	0.173	0.168	0.206	0.134	0.131	0.137	0.178	0.133	1.243	1.082	0.266	0.144	0.152	0.114	0.158	0.132	1.113	0.854	0.174	0.137	0.131	0.118
11	1.387	0.817	0.965	0.199	0.186	0.186	0.142	0.133	0.14	1.424	0.978	1.131	0.171	0.188	0.176	0.141	0.148	0.141	1.179	0.887	0.932	0.175	0.172	0.21	0.133	0.132	0.136	0.183	0.135	1.262	1.133	0.276	0.145	0.155	0.113	0.161	0.13	1.152	0.89	0.176	0.135	0.132	0.117
11.25	1.433	0.868	1.013	0.199	0.19	0.189	0.143	0.133	0.142	1.462	1.03	1.175	0.172	0.191	0.178	0.141	0.147	0.14	1.224	0.932	0.981	0.177	0.175	0.215	0.133	0.133	0.136	0.187	0.136	1.27	1.184	0.29	0.146	0.159	0.114	0.163	0.131	1.185	0.936	0.179	0.137	0.134	0.118
11.5	1.474	0.915	1.058	0.202	0.194	0.192	0.143	0.132	0.141	1.493	1.068	1.226	0.172	0.196	0.181	0.141	0.148	0.142	1.271	0.979	1.032	0.179	0.179	0.221	0.134	0.133	0.137	0.192	0.137	1.289	1.236	0.298	0.149	0.162	0.115	0.164	0.131	1.232	0.98	0.181	0.14	0.134	0.118
11.75	1.502	0.964	1.106	0.206	0.199	0.195	0.143	0.133	0.142	1.52	1.112	1.269	0.175	0.197	0.183	0.142	0.149	0.141	1.313	1.027	1.079	0.179	0.182	0.225	0.134	0.134	0.136	0.197	0.139	1.297	1.271	0.309	0.15	0.167	0.115	0.169	0.131	1.275	1.03	0.185	0.139	0.137	0.119
12	1.518	1.012	1.147	0.207	0.205	0.197	0.144	0.133	0.141	1.539	1.153	1.313	0.177	0.201	0.185	0.141	0.149	0.142	1.35	1.071	1.124	0.182	0.186	0.23	0.135	0.134	0.137	0.203	0.139	1.301	1.295	0.323	0.151	0.17	0.116	0.172	0.131	1.304	1.074	0.188	0.137	0.138	0.119
12.25	1.535	1.061	1.191	0.211	0.208	0.201	0.143	0.133	0.142	1.548	1.19	1.348	0.178	0.205	0.188	0.141	0.149	0.141	1.388	1.117	1.17	0.184	0.189	0.235	0.134	0.134	0.137	0.209	0.141	1.314	1.318	0.337	0.154	0.175	0.116	0.172	0.132	1.345	1.121	0.19	0.136	0.14	0.12
12.5	1.548	1.107	1.233	0.212	0.214	0.205	0.143	0.134	0.143	1.565	1.224	1.382	0.18	0.207	0.189	0.141	0.15	0.142	1.414	1.161	1.209	0.187	0.193	0.24	0.134	0.135	0.138	0.216	0.142	1.313	1.348	0.356	0.154	0.179	0.118	0.176	0.132	1.371	1.161	0.195	0.14	0.142	0.12
12.75	1.559	1.152	1.271	0.215	0.22	0.207	0.144	0.133	0.142	1.572	1.258	1.412	0.182	0.211	0.192	0.141	0.15	0.143	1.434	1.205	1.252	0.189	0.197	0.246	0.135	0.136	0.139	0.221	0.143	1.311	1.365	0.367	0.157	0.185	0.119	0.181	0.134	1.383	1.21	0.198	0.14	0.143	0.121
13	1.567	1.19	1.308	0.22	0.223	0.213	0.143	0.134	0.141	1.577	1.289	1.433	0.183	0.217	0.195	0.142	0.15	0.144	1.449	1.247	1.289	0.19	0.201	0.25	0.135	0.135	0.139	0.228	0.144	1.312	1.381	0.387	0.158	0.192	0.118	0.186	0.134	1.398	1.256	0.202	0.14	0.145	0.119
13.25	1.564	1.236	1.343	0.223	0.228	0.215	0.144	0.134	0.143	1.579	1.32	1.446	0.182	0.223	0.196	0.142	0.151	0.143	1.459	1.286	1.322	0.193	0.206	0.256	0.135	0.136	0.14	0.237	0.145	1.314	1.394	0.407	0.159	0.195	0.119	0.188	0.132	1.423	1.287	0.205	0.138	0.146	0.121
13.5	1.567	1.27	1.373	0.226	0.234	0.222	0.143	0.133	0.143	1.582	1.349	1.458	0.186	0.225	0.197	0.143	0.152	0.144	1.472	1.324	1.351	0.195	0.209	0.261	0.136	0.136	0.141	0.242	0.146	1.319	1.405	0.426	0.16	0.201	0.12	0.192	0.133	1.43	1.327	0.209	0.141	0.149	0.121
13.75	1.575	1.305	1.396	0.228	0.241	0.226	0.145	0.135	0.144	1.588	1.359	1.463	0.188	0.23	0.201	0.143	0.153	0.145	1.482	1.359	1.377	0.197	0.215	0.268	0.136	0.137	0.14	0.252	0.148	1.313	1.409	0.444	0.165	0.208	0.121	0.192	0.133	1.422	1.374	0.214	0.141	0.151	0.121
14	1.576	1.329	1.421	0.231	0.245	0.228	0.143	0.135	0.143	1.585	1.371	1.474	0.189	0.238	0.203	0.144	0.154	0.146	1.488	1.389	1.398	0.199	0.219	0.276	0.136	0.137	0.141	0.261	0.148	1.316	1.416	0.468	0.164	0.215	0.121	0.201	0.134	1.432	1.406	0.218	0.143	0.153	0.121
14.25	1.575	1.361	1.429	0.234	0.255	0.231	0.145	0.136	0.143	1.583	1.386	1.477	0.192	0.241	0.205	0.143	0.153	0.144	1.49	1.41	1.41	0.201	0.224	0.282	0.136	0.139	0.139	0.27	0.151	1.32	1.415	0.489	0.167	0.223	0.122	0.202	0.134	1.433	1.443	0.223	0.141	0.155	0.122
14.5	1.578	1.389	1.434	0.236	0.263	0.237	0.145	0.135	0.144	1.589	1.39	1.487	0.193	0.246	0.209	0.143	0.155	0.145	1.495	1.431	1.425	0.203	0.229	0.288	0.135	0.14	0.14	0.282	0.152	1.323	1.417	0.507	0.169	0.23	0.123	0.207	0.134	1.436	1.459	0.226	0.143	0.158	0.121
14.75	1.584	1.397	1.443	0.239	0.27	0.243	0.144	0.137	0.144	1.589	1.391	1.491	0.195	0.251	0.212	0.143	0.155	0.146	1.497	1.446	1.436	0.206	0.234	0.297	0.136	0.139	0.141	0.291	0.153	1.315	1.414	0.528	0.173	0.238	0.124	0.213	0.135	1.44	1.477	0.233	0.145	0.161	0.123
15	1.579	1.412	1.449	0.243	0.276	0.248	0.145	0.136	0.144	1.587	1.4	1.492	0.197	0.258	0.213	0.144	0.156	0.146	1.496	1.454	1.44	0.208	0.24	0.305	0.136	0.141	0.141	0.302	0.154	1.309	1.417	0.55	0.174	0.247	0.124	0.215	0.135	1.437	1.494	0.236	0.146	0.163	0.123
15.25	1.583	1.417	1.454	0.245	0.286	0.251	0.146	0.137	0.144	1.588	1.396	1.495	0.199	0.264	0.215	0.143	0.156	0.145	1.495	1.464	1.446	0.21	0.246	0.312	0.136	0.142	0.141	0.314	0.155	1.319	1.417	0.58	0.177	0.256	0.125	0.215	0.135	1.439	1.511	0.243	0.145	0.166	0.123
15.5	1.58	1.428	1.453	0.252	0.293	0.258	0.146	0.138	0.147	1.595	1.403	1.489	0.199	0.27	0.221	0.144	0.157	0.146	1.5	1.473	1.45	0.212	0.25	0.321	0.137	0.141	0.141	0.326	0.157	1.319	1.42	0.603	0.181	0.265	0.126	0.226	0.135	1.438	1.517	0.249	0.148	0.169	0.122
15.75	1.581	1.43	1.462	0.256	0.299	0.263	0.146	0.137	0.144	1.59	1.405	1.489	0.202	0.277	0.222	0.144	0.158	0.146	1.504	1.482	1.456	0.215	0.257	0.328	0.136	0.144	0.141	0.341	0.159	1.316	1.425	0.637	0.181	0.277	0.127	0.228	0.135	1.445	1.519	0.255	0.146	0.172	0.123
16	1.582	1.433	1.459	0.256	0.311	0.27	0.147	0.138	0.145	1.594	1.408	1.489	0.203	0.283	0.227	0.145	0.159	0.146	1.502	1.486	1.455	0.217	0.264	0.337	0.136	0.145	0.141	0.351	0.162	1.321	1.419	0.66	0.184	0.287	0.128	0.232	0.136	1.444	1.514	0.259	0.147	0.175	0.125
16.25	1.582	1.437	1.466	0.263	0.319	0.275	0.146	0.139	0.144	1.594	1.408	1.497	0.206	0.289	0.231	0.144	0.159	0.147	1.494	1.488	1.459	0.219	0.27	0.345	0.136	0.144	0.141	0.364	0.162	1.316	1.418	0.688	0.189	0.297	0.129	0.234	0.137	1.439	1.527	0.268	0.147	0.178	0.125
16.5	1.588	1.438	1.462	0.266	0.328	0.283	0.146	0.14	0.146	1.595	1.409	1.502	0.209	0.295	0.233	0.145	0.159	0.146	1.502	1.492	1.461	0.223	0.278	0.358	0.138	0.145	0.143	0.384	0.163	1.315	1.417	0.723	0.188	0.309	0.13	0.243	0.137	1.446	1.521	0.274	0.15	0.181	0.125
16.75	1.584	1.444	1.462	0.27	0.34	0.291	0.147	0.14	0.145	1.595	1.405	1.505	0.212	0.301	0.235	0.144	0.161	0.147	1.505	1.494	1.46	0.223	0.283	0.366	0.137	0.145	0.143	0.395	0.167	1.313	1.416	0.75	0.193	0.321	0.13	0.246	0.137	1.439	1.526	0.28	0.149	0.186	0.124
17	1.586	1.445	1.465	0.272	0.352	0.297	0.147	0.141	0.145	1.595	1.414	1.494	0.209	0.311	0.238	0.146	0.163	0.147	1.498	1.496	1.461	0.227	0.292	0.379	0.137	0.147	0.142	0.415	0.167	1.311	1.42	0.776	0.197	0.335	0.131	0.257	0.138	1.45	1.533	0.289	0.149	0.189	0.126
17.25	1.588	1.448	1.461	0.276	0.363	0.301	0.148	0.141	0.147	1.599	1.409	1.498	0.214	0.316	0.243	0.145	0.162	0.146	1.5	1.498	1.461	0.229	0.299	0.389	0.138	0.148	0.141	0.431	0.168	1.315	1.424	0.82	0.196	0.348	0.133	0.265	0.138	1.443	1.524	0.296	0.152	0.193	0.126
17.5	1.587	1.45	1.468	0.28	0.373	0.312	0.146	0.141	0.146	1.6	1.409	1.5	0.214	0.325	0.247	0.145	0.163	0.147	1.501	1.5	1.466	0.232	0.308	0.398	0.137	0.149	0.142	0.448	0.171	1.321	1.413	0.837	0.202	0.363	0.134	0.265	0.139	1.448	1.531	0.305	0.15	0.197	0.126
17.75	1.587	1.447	1.469	0.286	0.384	0.318	0.146	0.142	0.146	1.596	1.408	1.5	0.217	0.333	0.252	0.146	0.164	0.146	1.5	1.502	1.468	0.234	0.316	0.413	0.137	0.15	0.142	0.468	0.172	1.319	1.424	0.879	0.201	0.377	0.135	0.28	0.139	1.447	1.534	0.313	0.15	0.202	0.127
18	1.588	1.449	1.469	0.289	0.396	0.326	0.146	0.142	0.146	1.601	1.412	1.496	0.219	0.342	0.254	0.146	0.166	0.148	1.5	1.505	1.468	0.238	0.323	0.426	0.138	0.15	0.144	0.484	0.176	1.316	1.426	0.911	0.206	0.389	0.136	0.28	0.139	1.44	1.536	0.323	0.152	0.206	0.127
18.25	1.587	1.457	1.467	0.293	0.41	0.337	0.148	0.143	0.146	1.597	1.412	1.498	0.221	0.351	0.259	0.146	0.167	0.148	1.5	1.502	1.467	0.24	0.332	0.438	0.138	0.152	0.142	0.506	0.176	1.314	1.418	0.932	0.213	0.407	0.137	0.29	0.139	1.446	1.525	0.329	0.151	0.213	0.128
18.5	1.592	1.45	1.467	0.295	0.423	0.347	0.147	0.144	0.146	1.6	1.411	1.502	0.223	0.357	0.263	0.146	0.168	0.147	1.5	1.503	1.467	0.244	0.342	0.453	0.138	0.152	0.143	0.523	0.177	1.323	1.418	0.96	0.217	0.423	0.139	0.294	0.14	1.446	1.521	0.339	0.153	0.217	0.128
18.75	1.593	1.451	1.474	0.302	0.432	0.357	0.147	0.145	0.146	1.601	1.412	1.503	0.224	0.371	0.266	0.146	0.169	0.147	1.504	1.505	1.465	0.245	0.349	0.464	0.138	0.154	0.142	0.548	0.181	1.317	1.421	1	0.215	0.437	0.139	0.307	0.141	1.449	1.528	0.349	0.154	0.221	0.128
19	1.591	1.452	1.467	0.305	0.449	0.365	0.148	0.145	0.147	1.596	1.419	1.493	0.225	0.382	0.27	0.147	0.17	0.147	1.502	1.507	1.47	0.249	0.361	0.482	0.138	0.154	0.144	0.571	0.183	1.316	1.418	1.022	0.223	0.453	0.141	0.315	0.141	1.45	1.536	0.361	0.156	0.226	0.13
19.25	1.591	1.454	1.474	0.313	0.466	0.376	0.147	0.146	0.145	1.604	1.412	1.502	0.229	0.39	0.274	0.147	0.172	0.148	1.497	1.505	1.47	0.25	0.371	0.495	0.138	0.155	0.144	0.592	0.183	1.311	1.424	1.054	0.223	0.468	0.142	0.324	0.142	1.452	1.527	0.373	0.155	0.232	0.129
19.5	1.594	1.449	1.476	0.316	0.476	0.389	0.147	0.146	0.149	1.601	1.408	1.501	0.231	0.402	0.281	0.147	0.173	0.146	1.503	1.504	1.471	0.254	0.38	0.509	0.14	0.155	0.145	0.618	0.185	1.315	1.416	1.082	0.227	0.49	0.143	0.336	0.142	1.446	1.527	0.381	0.158	0.239	0.13
19.75	1.595	1.452	1.475	0.321	0.493	0.398	0.148	0.148	0.149	1.603	1.412	1.501	0.233	0.408	0.287	0.147	0.173	0.148	1.498	1.506	1.47	0.258	0.392	0.527	0.139	0.157	0.145	0.639	0.189	1.317	1.423	1.113	0.229	0.509	0.145	0.339	0.142	1.446	1.529	0.395	0.158	0.245	0.13
20	1.598	1.458	1.473	0.323	0.512	0.408	0.148	0.148	0.148	1.601	1.416	1.508	0.236	0.42	0.291	0.147	0.175	0.148	1.5	1.508	1.472	0.261	0.404	0.546	0.14	0.158	0.145	0.66	0.193	1.31	1.427	1.13	0.231	0.529	0.146	0.35	0.143	1.442	1.524	0.404	0.16	0.25	0.131
20.25	1.596	1.453	1.477	0.328	0.526	0.422	0.149	0.15	0.149	1.595	1.415	1.505	0.238	0.433	0.295	0.148	0.177	0.148	1.504	1.508	1.472	0.264	0.416	0.562	0.141	0.159	0.146	0.681	0.194	1.315	1.422	1.14	0.236	0.548	0.147	0.363	0.143	1.449	1.522	0.418	0.161	0.257	0.132
20.5	1.591	1.46	1.478	0.333	0.545	0.431	0.148	0.149	0.149	1.599	1.417	1.505	0.24	0.448	0.3	0.147	0.177	0.147	1.5	1.506	1.472	0.268	0.429	0.586	0.141	0.159	0.145	0.707	0.196	1.313	1.42	1.144	0.24	0.567	0.149	0.37	0.143	1.441	1.528	0.431	0.159	0.264	0.132
20.75	1.594	1.461	1.471	0.335	0.565	0.444	0.15	0.151	0.148	1.603	1.413	1.502	0.24	0.459	0.309	0.146	0.179	0.149	1.492	1.51	1.472	0.269	0.44	0.6	0.14	0.163	0.145	0.736	0.198	1.318	1.419	1.145	0.25	0.586	0.15	0.384	0.145	1.443	1.527	0.446	0.16	0.271	0.133
21	1.593	1.46	1.472	0.34	0.583	0.454	0.149	0.151	0.15	1.604	1.412	1.504	0.244	0.47	0.312	0.148	0.18	0.147	1.499	1.509	1.473	0.272	0.452	0.621	0.14	0.162	0.144	0.76	0.203	1.313	1.423	1.164	0.249	0.607	0.151	0.396	0.144	1.45	1.526	0.459	0.16	0.281	0.133
21.25	1.599	1.459	1.474	0.346	0.596	0.471	0.149	0.153	0.148	1.607	1.409	1.504	0.246	0.484	0.319	0.148	0.181	0.149	1.5	1.509	1.473	0.276	0.466	0.639	0.141	0.164	0.145	0.788	0.204	1.314	1.425	1.165	0.253	0.621	0.153	0.407	0.147	1.445	1.533	0.471	0.161	0.286	0.134
21.5	1.593	1.455	1.477	0.352	0.613	0.482	0.148	0.153	0.149	1.606	1.419	1.502	0.249	0.491	0.326	0.148	0.182	0.149	1.499	1.509	1.474	0.279	0.479	0.661	0.141	0.166	0.145	0.816	0.205	1.316	1.42	1.171	0.259	0.639	0.155	0.422	0.146	1.445	1.532	0.491	0.163	0.294	0.135
21.75	1.602	1.458	1.475	0.355	0.635	0.503	0.15	0.155	0.151	1.603	1.414	1.51	0.253	0.509	0.329	0.148	0.183	0.149	1.5	1.508	1.473	0.283	0.496	0.684	0.141	0.166	0.145	0.844	0.207	1.31	1.419	1.165	0.265	0.656	0.156	0.436	0.147	1.446	1.533	0.505	0.165	0.303	0.136
22	1.599	1.456	1.482	0.364	0.647	0.518	0.149	0.154	0.149	1.605	1.411	1.511	0.256	0.518	0.338	0.148	0.185	0.149	1.498	1.509	1.472	0.285	0.511	0.708	0.142	0.166	0.148	0.869	0.212	1.311	1.415	1.165	0.271	0.663	0.157	0.447	0.148	1.444	1.532	0.518	0.164	0.311	0.136
22.25	1.602	1.46	1.477	0.364	0.676	0.526	0.15	0.156	0.149	1.607	1.414	1.511	0.255	0.534	0.344	0.148	0.186	0.149	1.496	1.507	1.47	0.287	0.525	0.732	0.141	0.168	0.147	0.898	0.213	1.312	1.421	1.163	0.272	0.677	0.159	0.461	0.148	1.439	1.531	0.537	0.168	0.321	0.136
22.5	1.6	1.457	1.477	0.37	0.694	0.548	0.149	0.156	0.15	1.607	1.415	1.505	0.259	0.548	0.35	0.149	0.188	0.148	1.497	1.509	1.473	0.292	0.539	0.753	0.141	0.168	0.146	0.924	0.215	1.31	1.426	1.181	0.275	0.68	0.162	0.476	0.15	1.451	1.524	0.552	0.166	0.33	0.137
22.75	1.599	1.454	1.473	0.378	0.711	0.567	0.15	0.157	0.15	1.608	1.417	1.503	0.26	0.563	0.36	0.148	0.188	0.148	1.499	1.51	1.474	0.294	0.554	0.782	0.142	0.17	0.147	0.948	0.22	1.307	1.423	1.171	0.283	0.692	0.163	0.491	0.15	1.447	1.526	0.563	0.168	0.339	0.139
23	1.598	1.46	1.476	0.382	0.732	0.582	0.15	0.158	0.152	1.607	1.417	1.504	0.26	0.583	0.365	0.149	0.19	0.149	1.5	1.514	1.474	0.3	0.571	0.807	0.142	0.17	0.147	0.974	0.222	1.315	1.419	1.174	0.289	0.69	0.165	0.509	0.151	1.442	1.531	0.59	0.169	0.348	0.139
23.25	1.602	1.461	1.471	0.388	0.758	0.6	0.151	0.16	0.152	1.607	1.42	1.503	0.265	0.596	0.374	0.148	0.189	0.149	1.496	1.511	1.474	0.303	0.586	0.832	0.142	0.173	0.147	1	0.226	1.319	1.419	1.173	0.293	0.693	0.167	0.521	0.151	1.45	1.523	0.597	0.17	0.359	0.139
23.5	1.599	1.456	1.478	0.398	0.769	0.619	0.149	0.161	0.15	1.607	1.414	1.505	0.265	0.614	0.379	0.151	0.193	0.15	1.494	1.511	1.476	0.307	0.603	0.863	0.142	0.173	0.149	1.034	0.228	1.307	1.419	1.159	0.302	0.702	0.168	0.541	0.153	1.449	1.526	0.621	0.17	0.37	0.14
23.75	1.6	1.457	1.476	0.401	0.791	0.639	0.15	0.162	0.151	1.609	1.414	1.507	0.268	0.63	0.394	0.149	0.193	0.149	1.501	1.514	1.476	0.309	0.618	0.884	0.143	0.174	0.149	1.056	0.231	1.313	1.421	1.178	0.301	0.7	0.17	0.559	0.153	1.452	1.534	0.637	0.172	0.38	0.141
24	1.607	1.454	1.479	0.407	0.815	0.659	0.151	0.163	0.151	1.613	1.417	1.506	0.27	0.65	0.4	0.15	0.197	0.15	1.498	1.511	1.474	0.313	0.637	0.913	0.143	0.175	0.15	1.08	0.235	1.312	1.42	1.173	0.311	0.706	0.172	0.569	0.153	1.445	1.526	0.654	0.171	0.393	0.141
24.25	1.6	1.46	1.48	0.415	0.837	0.679	0.151	0.164	0.152	1.611	1.415	1.508	0.273	0.663	0.408	0.15	0.198	0.151	1.497	1.513	1.475	0.318	0.656	0.941	0.143	0.175	0.15	1.103	0.238	1.315	1.423	1.17	0.318	0.702	0.173	0.588	0.155	1.445	1.531	0.677	0.174	0.401	0.142
24.5	1.606	1.457	1.475	0.417	0.866	0.692	0.151	0.165	0.151	1.607	1.419	1.505	0.276	0.685	0.416	0.15	0.199	0.15	1.502	1.511	1.479	0.321	0.673	0.973	0.142	0.178	0.148	1.126	0.241	1.313	1.423	1.172	0.323	0.703	0.175	0.61	0.156	1.448	1.539	0.696	0.173	0.412	0.143
24.75	1.602	1.463	1.475	0.42	0.895	0.712	0.152	0.165	0.152	1.613	1.413	1.511	0.28	0.701	0.427	0.149	0.203	0.152	1.504	1.514	1.48	0.326	0.693	0.997	0.143	0.18	0.148	1.14	0.244	1.313	1.423	1.177	0.323	0.705	0.178	0.62	0.155	1.448	1.53	0.708	0.175	0.426	0.144
25	1.605	1.459	1.479	0.434	0.911	0.733	0.151	0.165	0.152	1.607	1.42	1.507	0.279	0.727	0.434	0.15	0.201	0.15	1.501	1.513	1.48	0.33	0.717	1.029	0.143	0.182	0.149	1.151	0.248	1.313	1.425	1.165	0.336	0.708	0.18	0.641	0.156	1.445	1.53	0.732	0.174	0.437	0.145
25.25	1.608	1.463	1.482	0.434	0.943	0.756	0.152	0.167	0.152	1.611	1.418	1.502	0.284	0.744	0.445	0.151	0.202	0.151	1.499	1.516	1.477	0.335	0.733	1.053	0.144	0.182	0.15	1.16	0.25	1.321	1.422	1.182	0.336	0.711	0.183	0.657	0.158	1.454	1.537	0.757	0.176	0.45	0.144
25.5	1.603	1.464	1.484	0.447	0.955	0.784	0.152	0.168	0.153	1.611	1.424	1.507	0.285	0.765	0.456	0.151	0.206	0.151	1.503	1.515	1.477	0.337	0.758	1.081	0.145	0.183	0.151	1.164	0.256	1.322	1.422	1.18	0.344	0.713	0.185	0.672	0.157	1.458	1.525	0.765	0.177	0.464	0.146
25.75	1.606	1.462	1.473	0.446	0.988	0.805	0.154	0.17	0.153	1.614	1.417	1.508	0.288	0.78	0.467	0.15	0.206	0.152	1.499	1.513	1.474	0.341	0.777	1.104	0.144	0.185	0.15	1.16	0.26	1.306	1.424	1.168	0.351	0.711	0.186	0.689	0.16	1.449	1.531	0.793	0.18	0.477	0.146
26	1.608	1.458	1.48	0.456	1.004	0.829	0.152	0.171	0.152	1.617	1.416	1.512	0.294	0.794	0.48	0.15	0.208	0.154	1.498	1.51	1.475	0.346	0.793	1.133	0.145	0.185	0.152	1.169	0.261	1.309	1.425	1.183	0.352	0.714	0.189	0.707	0.161	1.446	1.529	0.81	0.18	0.491	0.148
26.25	1.607	1.455	1.482	0.467	1.022	0.857	0.152	0.172	0.152	1.61	1.421	1.511	0.295	0.825	0.488	0.15	0.209	0.152	1.505	1.514	1.477	0.35	0.818	1.158	0.145	0.187	0.152	1.174	0.265	1.312	1.426	1.181	0.358	0.715	0.191	0.728	0.16	1.455	1.529	0.824	0.178	0.501	0.148
26.5	1.608	1.465	1.484	0.473	1.057	0.875	0.154	0.172	0.153	1.617	1.41	1.509	0.296	0.837	0.503	0.151	0.211	0.153	1.502	1.514	1.481	0.355	0.841	1.182	0.144	0.19	0.15	1.175	0.268	1.314	1.425	1.169	0.368	0.709	0.193	0.741	0.162	1.446	1.527	0.855	0.183	0.514	0.149
26.75	1.611	1.458	1.48	0.48	1.08	0.898	0.153	0.175	0.153	1.617	1.415	1.508	0.303	0.858	0.513	0.151	0.213	0.153	1.5	1.513	1.479	0.36	0.864	1.207	0.145	0.191	0.15	1.17	0.274	1.313	1.433	1.191	0.37	0.712	0.197	0.76	0.163	1.447	1.528	0.873	0.184	0.532	0.15
27	1.614	1.46	1.482	0.484	1.105	0.924	0.153	0.174	0.153	1.612	1.416	1.513	0.305	0.877	0.525	0.152	0.216	0.153	1.505	1.513	1.482	0.364	0.882	1.229	0.146	0.192	0.153	1.175	0.275	1.31	1.427	1.183	0.375	0.715	0.199	0.785	0.163	1.451	1.525	0.888	0.183	0.545	0.152
27.25	1.61	1.462	1.478	0.487	1.126	0.952	0.153	0.175	0.154	1.615	1.417	1.507	0.306	0.896	0.534	0.152	0.215	0.153	1.501	1.515	1.48	0.367	0.899	1.25	0.145	0.193	0.153	1.177	0.281	1.312	1.427	1.178	0.384	0.716	0.2	0.805	0.166	1.449	1.529	0.902	0.185	0.558	0.153
27.5	1.606	1.463	1.48	0.498	1.148	0.973	0.154	0.178	0.154	1.616	1.417	1.514	0.31	0.915	0.552	0.152	0.219	0.154	1.5	1.516	1.479	0.373	0.923	1.27	0.145	0.195	0.151	1.177	0.287	1.32	1.425	1.182	0.395	0.718	0.202	0.816	0.165	1.449	1.539	0.927	0.184	0.574	0.154
27.75	1.609	1.466	1.472	0.504	1.173	0.995	0.155	0.179	0.153	1.614	1.419	1.508	0.313	0.939	0.557	0.153	0.22	0.153	1.499	1.514	1.48	0.378	0.943	1.289	0.145	0.196	0.152	1.169	0.288	1.31	1.425	1.172	0.404	0.714	0.205	0.834	0.167	1.445	1.528	0.942	0.186	0.585	0.153
28	1.609	1.461	1.486	0.512	1.187	1.025	0.154	0.179	0.153	1.619	1.415	1.511	0.314	0.955	0.576	0.152	0.223	0.154	1.5	1.516	1.482	0.38	0.969	1.3	0.145	0.199	0.152	1.175	0.293	1.308	1.431	1.189	0.402	0.712	0.207	0.854	0.168	1.456	1.537	0.97	0.188	0.599	0.155
28.25	1.61	1.47	1.481	0.52	1.211	1.05	0.155	0.182	0.154	1.617	1.418	1.506	0.318	0.978	0.588	0.152	0.223	0.154	1.501	1.513	1.481	0.387	0.987	1.312	0.145	0.199	0.152	1.172	0.296	1.313	1.432	1.19	0.406	0.713	0.211	0.875	0.168	1.455	1.534	0.984	0.188	0.61	0.156
28.5	1.615	1.46	1.482	0.53	1.225	1.075	0.154	0.182	0.155	1.616	1.415	1.511	0.324	0.983	0.607	0.152	0.225	0.154	1.499	1.517	1.478	0.391	1.002	1.324	0.146	0.199	0.155	1.165	0.299	1.312	1.426	1.177	0.416	0.717	0.213	0.892	0.17	1.452	1.525	1.002	0.191	0.624	0.156
28.75	1.611	1.463	1.484	0.541	1.232	1.103	0.155	0.183	0.153	1.616	1.411	1.516	0.329	0.998	0.62	0.153	0.228	0.155	1.499	1.516	1.479	0.395	1.03	1.327	0.145	0.202	0.152	1.173	0.303	1.311	1.429	1.168	0.429	0.719	0.215	0.91	0.169	1.447	1.527	1.02	0.192	0.645	0.157
29	1.615	1.461	1.486	0.547	1.252	1.127	0.155	0.185	0.154	1.611	1.422	1.506	0.328	1.028	0.635	0.153	0.229	0.155	1.5	1.514	1.478	0.401	1.042	1.335	0.147	0.202	0.155	1.174	0.31	1.31	1.428	1.174	0.44	0.717	0.218	0.933	0.172	1.445	1.535	1.041	0.196	0.652	0.159
29.25	1.612	1.462	1.476	0.55	1.271	1.137	0.156	0.187	0.155	1.621	1.42	1.509	0.329	1.048	0.649	0.153	0.23	0.155	1.505	1.514	1.48	0.407	1.066	1.336	0.146	0.204	0.153	1.172	0.314	1.321	1.435	1.184	0.437	0.717	0.222	0.945	0.172	1.452	1.527	1.065	0.192	0.671	0.16
29.5	1.613	1.466	1.482	0.559	1.274	1.164	0.154	0.187	0.155	1.62	1.414	1.506	0.335	1.059	0.666	0.153	0.231	0.155	1.5	1.516	1.476	0.412	1.079	1.336	0.146	0.205	0.154	1.176	0.318	1.311	1.432	1.182	0.443	0.716	0.224	0.963	0.174	1.457	1.535	1.083	0.194	0.683	0.16
29.75	1.616	1.465	1.482	0.565	1.28	1.192	0.155	0.187	0.155	1.62	1.42	1.509	0.336	1.077	0.683	0.154	0.235	0.156	1.501	1.517	1.481	0.417	1.102	1.343	0.147	0.206	0.155	1.171	0.321	1.31	1.434	1.188	0.453	0.719	0.227	0.982	0.174	1.454	1.534	1.093	0.197	0.7	0.162
30	1.613	1.46	1.486	0.578	1.274	1.21	0.156	0.19	0.155	1.619	1.421	1.512	0.343	1.09	0.703	0.153	0.237	0.155	1.502	1.519	1.481	0.421	1.117	1.345	0.147	0.208	0.156	1.17	0.329	1.316	1.428	1.167	0.47	0.715	0.229	0.991	0.174	1.455	1.525	1.111	0.196	0.709	0.163
30.25	1.614	1.461	1.488	0.587	1.282	1.233	0.156	0.19	0.154	1.618	1.42	1.514	0.342	1.101	0.723	0.153	0.237	0.156	1.499	1.517	1.48	0.427	1.127	1.342	0.146	0.211	0.155	1.173	0.328	1.314	1.427	1.179	0.479	0.715	0.232	1	0.177	1.453	1.531	1.124	0.198	0.724	0.163
30.5	1.62	1.465	1.482	0.587	1.29	1.262	0.156	0.192	0.155	1.62	1.417	1.511	0.349	1.116	0.734	0.152	0.237	0.155	1.5	1.518	1.481	0.432	1.145	1.348	0.147	0.213	0.154	1.176	0.338	1.31	1.428	1.177	0.487	0.714	0.236	1.024	0.177	1.446	1.532	1.143	0.198	0.739	0.164
30.75	1.613	1.469	1.48	0.601	1.292	1.27	0.156	0.193	0.154	1.622	1.419	1.509	0.348	1.124	0.756	0.154	0.243	0.156	1.503	1.518	1.484	0.437	1.147	1.35	0.147	0.213	0.156	1.17	0.34	1.313	1.437	1.185	0.481	0.715	0.239	1.033	0.179	1.458	1.527	1.16	0.201	0.754	0.165
31	1.619	1.461	1.483	0.616	1.281	1.296	0.155	0.194	0.156	1.617	1.416	1.512	0.358	1.128	0.772	0.153	0.241	0.155	1.502	1.518	1.479	0.442	1.155	1.347	0.147	0.214	0.158	1.173	0.35	1.312	1.431	1.17	0.499	0.719	0.242	1.047	0.18	1.445	1.524	1.175	0.201	0.77	0.167
31.25	1.618	1.463	1.487	0.623	1.287	1.312	0.156	0.197	0.155	1.621	1.418	1.51	0.362	1.127	0.794	0.154	0.245	0.157	1.502	1.517	1.482	0.448	1.157	1.351	0.149	0.215	0.158	1.173	0.349	1.31	1.433	1.182	0.5	0.721	0.246	1.062	0.181	1.452	1.528	1.191	0.204	0.783	0.167
31.5	1.619	1.469	1.479	0.628	1.295	1.321	0.156	0.196	0.156	1.621	1.419	1.501	0.358	1.146	0.809	0.154	0.248	0.157	1.503	1.514	1.482	0.453	1.166	1.349	0.148	0.219	0.156	1.171	0.355	1.314	1.434	1.188	0.505	0.716	0.248	1.083	0.182	1.447	1.528	1.2	0.206	0.788	0.167
31.75	1.621	1.462	1.488	0.643	1.286	1.34	0.156	0.198	0.156	1.624	1.413	1.515	0.367	1.134	0.841	0.154	0.249	0.157	1.499	1.52	1.487	0.46	1.168	1.353	0.147	0.221	0.157	1.168	0.36	1.311	1.431	1.181	0.524	0.716	0.251	1.094	0.183	1.446	1.53	1.218	0.207	0.797	0.169
32	1.617	1.464	1.483	0.648	1.288	1.355	0.156	0.198	0.157	1.625	1.415	1.513	0.37	1.145	0.857	0.154	0.25	0.157	1.503	1.517	1.482	0.466	1.165	1.354	0.148	0.221	0.157	1.172	0.371	1.312	1.43	1.179	0.531	0.722	0.254	1.113	0.184	1.459	1.525	1.218	0.208	0.811	0.17
32.25	1.623	1.464	1.487	0.659	1.288	1.362	0.158	0.2	0.158	1.623	1.422	1.511	0.373	1.15	0.872	0.155	0.254	0.158	1.504	1.521	1.48	0.469	1.165	1.351	0.149	0.223	0.16	1.174	0.372	1.313	1.435	1.179	0.542	0.721	0.259	1.132	0.185	1.453	1.533	1.239	0.209	0.815	0.172
32.5	1.621	1.466	1.48	0.668	1.284	1.369	0.157	0.202	0.156	1.625	1.42	1.514	0.377	1.144	0.893	0.154	0.254	0.158	1.5	1.519	1.482	0.479	1.173	1.353	0.149	0.224	0.16	1.177	0.376	1.312	1.434	1.175	0.549	0.721	0.262	1.159	0.187	1.45	1.536	1.241	0.21	0.817	0.173
32.75	1.617	1.472	1.479	0.668	1.299	1.357	0.157	0.203	0.157	1.625	1.416	1.512	0.381	1.14	0.919	0.155	0.256	0.158	1.501	1.521	1.484	0.485	1.171	1.353	0.149	0.225	0.161	1.171	0.384	1.316	1.438	1.185	0.548	0.722	0.266	1.183	0.191	1.454	1.532	1.247	0.211	0.824	0.174
33	1.621	1.466	1.48	0.683	1.289	1.377	0.157	0.207	0.159	1.621	1.423	1.511	0.385	1.142	0.938	0.155	0.258	0.159	1.505	1.522	1.482	0.488	1.175	1.351	0.148	0.229	0.159	1.172	0.391	1.318	1.435	1.184	0.562	0.715	0.269	1.205	0.19	1.452	1.532	1.245	0.211	0.824	0.174
33.25	1.623	1.46	1.488	0.698	1.286	1.372	0.157	0.208	0.159	1.629	1.415	1.515	0.387	1.15	0.962	0.155	0.262	0.159	1.505	1.52	1.482	0.496	1.178	1.354	0.149	0.23	0.159	1.17	0.397	1.309	1.438	1.188	0.563	0.72	0.271	1.231	0.189	1.446	1.528	1.245	0.213	0.829	0.176
33.5	1.62	1.468	1.487	0.704	1.295	1.368	0.157	0.207	0.158	1.624	1.421	1.516	0.39	1.148	0.993	0.155	0.262	0.159	1.503	1.518	1.484	0.503	1.179	1.356	0.149	0.231	0.16	1.172	0.401	1.309	1.434	1.165	0.588	0.717	0.275	1.249	0.194	1.447	1.527	1.25	0.213	0.826	0.178
33.75	1.621	1.468	1.484	0.72	1.294	1.373	0.158	0.208	0.16	1.623	1.419	1.515	0.396	1.143	1.008	0.156	0.267	0.16	1.502	1.52	1.482	0.509	1.178	1.353	0.149	0.234	0.161	1.175	0.403	1.314	1.438	1.192	0.582	0.718	0.279	1.257	0.194	1.452	1.529	1.249	0.218	0.829	0.179
34	1.624	1.464	1.486	0.729	1.288	1.377	0.158	0.213	0.161	1.619	1.423	1.509	0.398	1.152	1.027	0.156	0.266	0.161	1.499	1.521	1.482	0.514	1.181	1.355	0.149	0.237	0.161	1.17	0.412	1.306	1.437	1.194	0.587	0.72	0.283	1.267	0.195	1.451	1.525	1.257	0.217	0.832	0.18
34.25	1.624	1.468	1.481	0.73	1.299	1.369	0.159	0.212	0.16	1.626	1.418	1.511	0.402	1.139	1.052	0.156	0.268	0.16	1.506	1.52	1.483	0.521	1.182	1.359	0.15	0.236	0.162	1.166	0.417	1.317	1.436	1.18	0.604	0.723	0.288	1.272	0.197	1.454	1.529	1.262	0.219	0.837	0.181
34.5	1.623	1.465	1.486	0.747	1.293	1.372	0.158	0.213	0.16	1.625	1.42	1.513	0.409	1.139	1.074	0.156	0.27	0.16	1.504	1.518	1.478	0.527	1.178	1.353	0.15	0.237	0.164	1.171	0.421	1.316	1.432	1.173	0.621	0.724	0.291	1.274	0.197	1.458	1.531	1.262	0.221	0.841	0.182
34.75	1.625	1.465	1.48	0.756	1.301	1.374	0.158	0.214	0.16	1.626	1.419	1.517	0.412	1.143	1.099	0.156	0.272	0.161	1.504	1.524	1.48	0.533	1.179	1.356	0.151	0.24	0.166	1.172	0.43	1.312	1.433	1.185	0.628	0.718	0.295	1.28	0.2	1.452	1.53	1.263	0.221	0.836	0.184
35	1.622	1.464	1.485	0.764	1.295	1.382	0.159	0.216	0.16	1.625	1.422	1.511	0.411	1.151	1.112	0.157	0.275	0.162	1.505	1.521	1.48	0.54	1.179	1.355	0.15	0.241	0.165	1.166	0.435	1.321	1.44	1.189	0.628	0.715	0.298	1.276	0.199	1.46	1.529	1.261	0.223	0.838	0.185
35.25	1.626	1.46	1.487	0.772	1.292	1.382	0.159	0.218	0.163	1.626	1.42	1.517	0.424	1.14	1.139	0.156	0.276	0.161	1.508	1.522	1.483	0.546	1.179	1.356	0.151	0.242	0.166	1.169	0.442	1.316	1.436	1.176	0.656	0.723	0.301	1.276	0.202	1.454	1.53	1.256	0.225	0.838	0.186
35.5	1.627	1.469	1.492	0.785	1.297	1.382	0.159	0.22	0.161	1.626	1.421	1.512	0.424	1.141	1.159	0.157	0.278	0.162	1.507	1.52	1.486	0.554	1.183	1.359	0.151	0.244	0.166	1.164	0.446	1.315	1.433	1.171	0.663	0.718	0.307	1.273	0.203	1.455	1.525	1.265	0.227	0.838	0.187
35.75	1.629	1.464	1.492	0.796	1.287	1.391	0.159	0.223	0.163	1.629	1.418	1.515	0.429	1.146	1.182	0.157	0.281	0.162	1.502	1.521	1.482	0.561	1.183	1.357	0.151	0.246	0.166	1.17	0.454	1.315	1.435	1.182	0.675	0.721	0.31	1.281	0.204	1.458	1.526	1.27	0.229	0.842	0.189
36	1.62	1.463	1.491	0.815	1.287	1.378	0.159	0.222	0.163	1.629	1.42	1.509	0.428	1.145	1.207	0.156	0.282	0.163	1.504	1.52	1.487	0.571	1.184	1.36	0.151	0.249	0.167	1.167	0.46	1.312	1.438	1.178	0.683	0.717	0.315	1.272	0.206	1.46	1.527	1.266	0.228	0.839	0.191
36.25	1.626	1.47	1.481	0.819	1.294	1.38	0.16	0.226	0.165	1.625	1.417	1.517	0.439	1.142	1.224	0.156	0.285	0.164	1.504	1.522	1.484	0.576	1.189	1.357	0.151	0.252	0.166	1.173	0.465	1.315	1.433	1.182	0.692	0.72	0.317	1.271	0.207	1.454	1.528	1.264	0.233	0.845	0.19
36.5	1.629	1.465	1.483	0.826	1.297	1.378	0.16	0.224	0.165	1.627	1.415	1.519	0.444	1.142	1.245	0.157	0.285	0.163	1.505	1.524	1.486	0.583	1.187	1.357	0.151	0.255	0.166	1.165	0.471	1.312	1.434	1.178	0.706	0.722	0.319	1.264	0.208	1.451	1.525	1.262	0.234	0.842	0.192
36.75	1.627	1.471	1.485	0.842	1.3	1.381	0.161	0.227	0.164	1.631	1.414	1.515	0.445	1.145	1.271	0.158	0.289	0.164	1.504	1.521	1.485	0.592	1.181	1.36	0.152	0.254	0.168	1.171	0.481	1.31	1.439	1.186	0.702	0.723	0.323	1.27	0.21	1.452	1.527	1.27	0.236	0.848	0.193
37	1.628	1.463	1.486	0.857	1.293	1.378	0.16	0.229	0.166	1.622	1.424	1.513	0.447	1.15	1.281	0.158	0.292	0.164	1.506	1.519	1.486	0.599	1.186	1.361	0.151	0.257	0.168	1.163	0.488	1.313	1.439	1.187	0.709	0.723	0.328	1.267	0.212	1.454	1.524	1.269	0.236	0.847	0.195
37.25	1.629	1.469	1.484	0.861	1.296	1.381	0.162	0.23	0.166	1.631	1.417	1.511	0.455	1.138	1.301	0.158	0.294	0.165	1.508	1.521	1.489	0.607	1.187	1.36	0.152	0.26	0.168	1.164	0.495	1.314	1.44	1.181	0.728	0.721	0.33	1.279	0.215	1.458	1.532	1.281	0.235	0.841	0.196
37.5	1.625	1.466	1.489	0.883	1.284	1.383	0.161	0.231	0.166	1.633	1.423	1.508	0.453	1.149	1.325	0.158	0.296	0.167	1.506	1.521	1.483	0.616	1.183	1.358	0.152	0.262	0.169	1.173	0.507	1.31	1.439	1.181	0.732	0.718	0.334	1.277	0.216	1.452	1.529	1.271	0.236	0.841	0.197
37.75	1.627	1.466	1.484	0.885	1.296	1.384	0.162	0.234	0.167	1.631	1.419	1.513	0.462	1.146	1.333	0.158	0.299	0.167	1.508	1.525	1.487	0.623	1.185	1.362	0.152	0.263	0.17	1.163	0.51	1.312	1.436	1.184	0.749	0.724	0.338	1.266	0.219	1.452	1.534	1.267	0.24	0.845	0.197
38	1.63	1.47	1.488	0.907	1.287	1.384	0.16	0.235	0.167	1.631	1.422	1.513	0.468	1.139	1.353	0.159	0.3	0.166	1.504	1.524	1.489	0.629	1.188	1.36	0.152	0.265	0.171	1.166	0.516	1.316	1.44	1.185	0.747	0.72	0.342	1.263	0.217	1.462	1.536	1.274	0.242	0.846	0.2
38.25	1.629	1.47	1.485	0.913	1.294	1.381	0.162	0.236	0.168	1.636	1.417	1.517	0.475	1.141	1.365	0.158	0.303	0.167	1.508	1.52	1.486	0.64	1.179	1.357	0.152	0.267	0.172	1.159	0.527	1.313	1.435	1.18	0.775	0.719	0.345	1.261	0.22	1.45	1.528	1.27	0.243	0.84	0.201
38.5	1.629	1.47	1.483	0.922	1.291	1.385	0.162	0.238	0.169	1.629	1.42	1.51	0.477	1.142	1.37	0.159	0.304	0.168	1.507	1.523	1.486	0.647	1.183	1.364	0.153	0.267	0.175	1.17	0.532	1.315	1.443	1.192	0.765	0.719	0.348	1.27	0.221	1.46	1.525	1.275	0.244	0.845	0.203
38.75	1.629	1.473	1.484	0.933	1.286	1.382	0.161	0.239	0.17	1.628	1.42	1.515	0.48	1.14	1.387	0.158	0.307	0.169	1.504	1.523	1.485	0.654	1.185	1.359	0.153	0.271	0.173	1.165	0.544	1.314	1.437	1.179	0.798	0.72	0.351	1.26	0.224	1.461	1.526	1.273	0.246	0.846	0.203
39	1.63	1.465	1.488	0.949	1.289	1.381	0.162	0.241	0.17	1.631	1.422	1.518	0.491	1.136	1.387	0.159	0.31	0.17	1.507	1.522	1.486	0.66	1.18	1.359	0.154	0.271	0.176	1.165	0.545	1.309	1.438	1.185	0.795	0.727	0.354	1.263	0.226	1.455	1.536	1.274	0.247	0.848	0.204
39.25	1.631	1.469	1.487	0.958	1.283	1.384	0.162	0.241	0.171	1.631	1.418	1.518	0.494	1.143	1.396	0.158	0.314	0.171	1.506	1.524	1.487	0.67	1.186	1.362	0.153	0.276	0.175	1.166	0.558	1.31	1.433	1.179	0.819	0.723	0.357	1.26	0.226	1.46	1.527	1.268	0.25	0.849	0.205
39.5	1.626	1.474	1.486	0.971	1.297	1.383	0.162	0.245	0.171	1.633	1.418	1.517	0.494	1.141	1.401	0.158	0.313	0.169	1.51	1.524	1.488	0.676	1.185	1.363	0.153	0.277	0.177	1.168	0.56	1.313	1.434	1.176	0.828	0.725	0.362	1.269	0.228	1.463	1.526	1.274	0.252	0.847	0.206
39.75	1.631	1.464	1.49	0.996	1.281	1.385	0.162	0.245	0.172	1.63	1.417	1.519	0.504	1.135	1.404	0.159	0.319	0.172	1.511	1.521	1.486	0.689	1.19	1.361	0.154	0.281	0.176	1.165	0.577	1.308	1.437	1.185	0.816	0.718	0.365	1.263	0.229	1.454	1.531	1.275	0.256	0.845	0.209
40	1.632	1.463	1.491	0.998	1.291	1.375	0.162	0.247	0.174	1.633	1.417	1.514	0.505	1.135	1.402	0.16	0.321	0.172	1.51	1.526	1.489	0.697	1.186	1.364	0.153	0.281	0.177	1.159	0.575	1.317	1.436	1.186	0.839	0.72	0.368	1.258	0.234	1.449	1.53	1.271	0.257	0.847	0.211
40.25	1.632	1.468	1.489	1.011	1.291	1.381	0.162	0.247	0.174	1.634	1.422	1.516	0.512	1.138	1.409	0.16	0.321	0.172	1.508	1.529	1.487	0.706	1.182	1.364	0.154	0.281	0.18	1.168	0.592	1.32	1.437	1.175	0.854	0.72	0.371	1.261	0.231	1.461	1.533	1.278	0.257	0.845	0.212
40.5	1.632	1.465	1.488	1.021	1.293	1.385	0.164	0.252	0.175	1.632	1.419	1.518	0.521	1.139	1.404	0.159	0.325	0.173	1.507	1.524	1.488	0.712	1.187	1.361	0.154	0.286	0.178	1.16	0.595	1.317	1.434	1.175	0.86	0.722	0.371	1.262	0.234	1.453	1.524	1.274	0.258	0.849	0.211
40.75	1.634	1.471	1.493	1.031	1.29	1.387	0.164	0.255	0.176	1.636	1.422	1.512	0.523	1.136	1.413	0.16	0.328	0.174	1.507	1.522	1.484	0.722	1.186	1.364	0.154	0.288	0.18	1.165	0.603	1.318	1.442	1.19	0.852	0.72	0.373	1.26	0.238	1.457	1.527	1.275	0.259	0.846	0.214
41	1.628	1.472	1.485	1.047	1.292	1.379	0.163	0.255	0.175	1.637	1.422	1.516	0.526	1.144	1.41	0.16	0.33	0.175	1.509	1.527	1.49	0.731	1.186	1.364	0.154	0.29	0.182	1.162	0.615	1.319	1.44	1.193	0.85	0.723	0.374	1.26	0.238	1.462	1.533	1.277	0.261	0.847	0.216
41.25	1.634	1.466	1.487	1.057	1.292	1.381	0.163	0.256	0.177	1.634	1.419	1.515	0.53	1.142	1.415	0.16	0.33	0.174	1.51	1.524	1.491	0.738	1.189	1.362	0.154	0.293	0.181	1.161	0.623	1.315	1.438	1.187	0.866	0.72	0.377	1.255	0.24	1.452	1.533	1.276	0.264	0.846	0.217
41.5	1.633	1.473	1.488	1.064	1.297	1.379	0.164	0.26	0.177	1.634	1.419	1.516	0.535	1.141	1.417	0.16	0.334	0.175	1.508	1.523	1.487	0.748	1.189	1.363	0.154	0.296	0.182	1.164	0.633	1.314	1.438	1.197	0.859	0.723	0.382	1.258	0.242	1.461	1.528	1.274	0.263	0.846	0.219
41.75	1.634	1.468	1.488	1.084	1.288	1.385	0.164	0.259	0.178	1.639	1.421	1.518	0.541	1.142	1.416	0.161	0.336	0.177	1.512	1.523	1.486	0.758	1.183	1.362	0.155	0.295	0.186	1.168	0.634	1.319	1.438	1.194	0.865	0.72	0.382	1.268	0.244	1.46	1.533	1.276	0.265	0.842	0.219
42	1.634	1.474	1.487	1.089	1.295	1.383	0.164	0.263	0.179	1.634	1.427	1.502	0.543	1.142	1.412	0.161	0.338	0.177	1.51	1.525	1.491	0.769	1.19	1.365	0.155	0.299	0.184	1.168	0.651	1.318	1.439	1.19	0.872	0.719	0.383	1.262	0.246	1.452	1.537	1.275	0.266	0.845	0.221
42.25	1.634	1.47	1.491	1.098	1.295	1.385	0.165	0.263	0.18	1.633	1.423	1.517	0.554	1.134	1.418	0.16	0.339	0.178	1.509	1.522	1.485	0.779	1.188	1.367	0.156	0.298	0.187	1.161	0.658	1.315	1.439	1.188	0.873	0.721	0.384	1.255	0.248	1.461	1.528	1.282	0.27	0.847	0.223
42.5	1.633	1.473	1.486	1.114	1.289	1.39	0.165	0.266	0.181	1.637	1.423	1.514	0.559	1.133	1.414	0.16	0.341	0.177	1.508	1.526	1.489	0.784	1.188	1.369	0.156	0.301	0.189	1.168	0.665	1.313	1.433	1.183	0.896	0.723	0.385	1.263	0.252	1.459	1.534	1.276	0.274	0.846	0.224
42.75	1.634	1.471	1.49	1.127	1.293	1.381	0.165	0.266	0.182	1.637	1.416	1.516	0.564	1.142	1.414	0.162	0.347	0.18	1.509	1.522	1.488	0.794	1.186	1.366	0.155	0.306	0.188	1.159	0.675	1.312	1.436	1.179	0.894	0.723	0.39	1.254	0.252	1.459	1.534	1.279	0.274	0.849	0.227
43	1.635	1.473	1.493	1.14	1.292	1.383	0.164	0.268	0.184	1.634	1.423	1.514	0.57	1.136	1.421	0.161	0.349	0.18	1.515	1.527	1.49	0.801	1.183	1.367	0.156	0.305	0.191	1.166	0.678	1.316	1.436	1.182	0.886	0.72	0.388	1.251	0.252	1.453	1.528	1.273	0.277	0.85	0.228
43.25	1.637	1.469	1.494	1.151	1.287	1.383	0.165	0.269	0.183	1.639	1.415	1.517	0.576	1.135	1.42	0.161	0.349	0.181	1.513	1.525	1.491	0.813	1.189	1.369	0.156	0.308	0.192	1.16	0.69	1.307	1.438	1.194	0.878	0.724	0.39	1.25	0.257	1.452	1.528	1.279	0.275	0.848	0.228
43.5	1.637	1.468	1.486	1.164	1.287	1.38	0.165	0.273	0.184	1.637	1.417	1.519	0.584	1.131	1.416	0.162	0.355	0.182	1.511	1.526	1.49	0.821	1.187	1.365	0.156	0.312	0.191	1.166	0.702	1.319	1.439	1.186	0.88	0.725	0.39	1.256	0.258	1.465	1.526	1.277	0.279	0.85	0.23
43.75	1.632	1.471	1.49	1.177	1.287	1.382	0.165	0.276	0.187	1.637	1.417	1.515	0.586	1.139	1.423	0.162	0.353	0.182	1.511	1.529	1.492	0.832	1.188	1.372	0.156	0.314	0.194	1.162	0.708	1.31	1.437	1.184	0.884	0.725	0.392	1.252	0.259	1.46	1.535	1.279	0.283	0.847	0.232
44	1.636	1.47	1.496	1.191	1.287	1.385	0.165	0.276	0.188	1.639	1.423	1.515	0.595	1.141	1.41	0.162	0.357	0.185	1.513	1.524	1.49	0.84	1.191	1.369	0.156	0.317	0.195	1.161	0.723	1.315	1.435	1.18	0.902	0.721	0.39	1.251	0.259	1.457	1.522	1.274	0.283	0.845	0.233
44.25	1.631	1.475	1.486	1.196	1.291	1.378	0.165	0.276	0.188	1.64	1.419	1.52	0.601	1.136	1.418	0.161	0.358	0.185	1.513	1.523	1.484	0.852	1.186	1.366	0.157	0.319	0.196	1.161	0.728	1.314	1.434	1.193	0.883	0.724	0.392	1.247	0.262	1.453	1.524	1.28	0.286	0.849	0.235
44.5	1.635	1.47	1.491	1.206	1.291	1.378	0.167	0.279	0.189	1.639	1.419	1.519	0.603	1.14	1.415	0.162	0.361	0.185	1.513	1.52	1.488	0.861	1.186	1.367	0.157	0.319	0.199	1.167	0.735	1.313	1.436	1.192	0.9	0.728	0.394	1.254	0.268	1.456	1.528	1.277	0.288	0.852	0.237
44.75	1.633	1.476	1.489	1.215	1.291	1.375	0.166	0.279	0.189	1.637	1.422	1.516	0.613	1.129	1.42	0.162	0.366	0.187	1.511	1.523	1.485	0.872	1.187	1.367	0.158	0.323	0.2	1.162	0.746	1.32	1.436	1.187	0.895	0.724	0.394	1.254	0.268	1.465	1.528	1.283	0.288	0.847	0.239
45	1.639	1.467	1.489	1.223	1.285	1.385	0.165	0.282	0.191	1.638	1.42	1.515	0.617	1.133	1.42	0.161	0.366	0.188	1.514	1.526	1.49	0.879	1.187	1.373	0.158	0.324	0.202	1.163	0.751	1.311	1.433	1.194	0.883	0.721	0.396	1.251	0.269	1.459	1.527	1.279	0.296	0.852	0.239
45.25	1.633	1.474	1.487	1.222	1.293	1.372	0.167	0.286	0.192	1.642	1.419	1.525	0.624	1.134	1.419	0.162	0.371	0.189	1.512	1.527	1.488	0.889	1.187	1.371	0.158	0.326	0.202	1.161	0.761	1.316	1.436	1.193	0.881	0.719	0.394	1.247	0.271	1.461	1.528	1.275	0.29	0.845	0.241
45.5	1.637	1.47	1.489	1.24	1.29	1.375	0.166	0.286	0.194	1.641	1.427	1.513	0.62	1.14	1.42	0.162	0.374	0.19	1.514	1.526	1.488	0.901	1.19	1.37	0.157	0.333	0.202	1.16	0.768	1.31	1.435	1.178	0.903	0.726	0.395	1.256	0.276	1.462	1.531	1.281	0.295	0.854	0.24
45.75	1.637	1.468	1.491	1.247	1.286	1.385	0.166	0.288	0.193	1.641	1.42	1.513	0.63	1.135	1.417	0.163	0.376	0.191	1.513	1.526	1.49	0.911	1.189	1.373	0.158	0.333	0.203	1.16	0.782	1.315	1.434	1.187	0.883	0.726	0.395	1.251	0.277	1.455	1.53	1.282	0.296	0.85	0.245
46	1.639	1.47	1.482	1.244	1.3	1.379	0.168	0.29	0.195	1.64	1.419	1.519	0.641	1.135	1.415	0.162	0.377	0.192	1.516	1.528	1.491	0.922	1.191	1.376	0.158	0.335	0.206	1.165	0.787	1.313	1.441	1.195	0.875	0.72	0.395	1.256	0.281	1.456	1.539	1.277	0.301	0.848	0.247
46.25	1.637	1.47	1.491	1.261	1.29	1.374	0.166	0.292	0.197	1.644	1.416	1.521	0.64	1.138	1.422	0.162	0.378	0.193	1.513	1.527	1.49	0.93	1.194	1.372	0.158	0.34	0.205	1.159	0.793	1.314	1.432	1.182	0.899	0.72	0.399	1.257	0.281	1.458	1.528	1.279	0.305	0.849	0.249
46.5	1.638	1.476	1.491	1.258	1.29	1.385	0.166	0.295	0.199	1.644	1.421	1.524	0.649	1.129	1.422	0.163	0.385	0.194	1.513	1.528	1.494	0.938	1.193	1.373	0.158	0.344	0.207	1.157	0.79	1.311	1.434	1.181	0.891	0.726	0.396	1.251	0.284	1.459	1.532	1.281	0.308	0.849	0.246
46.75	1.639	1.473	1.489	1.268	1.29	1.372	0.167	0.296	0.199	1.641	1.423	1.516	0.653	1.137	1.417	0.164	0.386	0.197	1.513	1.527	1.489	0.948	1.193	1.372	0.159	0.345	0.208	1.152	0.803	1.309	1.438	1.199	0.882	0.722	0.396	1.245	0.286	1.454	1.526	1.281	0.304	0.85	0.249
47	1.639	1.472	1.489	1.269	1.285	1.381	0.167	0.299	0.2	1.637	1.427	1.522	0.657	1.137	1.413	0.163	0.388	0.198	1.515	1.525	1.49	0.958	1.188	1.37	0.161	0.343	0.213	1.161	0.804	1.318	1.434	1.179	0.895	0.728	0.398	1.247	0.289	1.464	1.526	1.279	0.305	0.852	0.252
47.25	1.64	1.474	1.492	1.271	1.288	1.381	0.167	0.3	0.201	1.639	1.423	1.513	0.662	1.141	1.421	0.163	0.393	0.199	1.516	1.527	1.49	0.966	1.192	1.371	0.159	0.35	0.211	1.163	0.805	1.313	1.435	1.182	0.905	0.727	0.399	1.248	0.292	1.468	1.528	1.278	0.307	0.853	0.254
47.5	1.638	1.472	1.489	1.271	1.29	1.385	0.167	0.303	0.204	1.638	1.424	1.518	0.674	1.135	1.419	0.164	0.392	0.199	1.517	1.526	1.492	0.978	1.193	1.375	0.159	0.352	0.212	1.16	0.818	1.319	1.434	1.188	0.895	0.726	0.398	1.252	0.292	1.464	1.537	1.282	0.314	0.85	0.256
47.75	1.641	1.473	1.484	1.276	1.286	1.388	0.169	0.305	0.204	1.646	1.418	1.515	0.678	1.125	1.424	0.164	0.4	0.202	1.518	1.523	1.489	0.986	1.19	1.368	0.161	0.352	0.217	1.166	0.812	1.315	1.437	1.198	0.879	0.724	0.401	1.247	0.296	1.462	1.525	1.281	0.311	0.849	0.258
48	1.64	1.465	1.49	1.275	1.29	1.386	0.168	0.306	0.204	1.644	1.414	1.522	0.687	1.133	1.422	0.165	0.397	0.201	1.516	1.526	1.488	1	1.19	1.372	0.16	0.355	0.216	1.163	0.82	1.313	1.433	1.195	0.88	0.721	0.399	1.25	0.3	1.456	1.528	1.286	0.32	0.847	0.259
48.25	1.642	1.47	1.49	1.273	1.296	1.381	0.168	0.308	0.208	1.641	1.42	1.518	0.691	1.133	1.425	0.165	0.404	0.204	1.517	1.527	1.49	1.007	1.194	1.373	0.16	0.36	0.217																